# Full shortlist: 30 extreme halos per group (32 groups total)
# Catalog: filtered_haloproperties.hdf5  (run_id 5ee0c456)
# Thresholds: delta1<0.07 (R1), delta2<0.07 (R2), K_core<150 keV cm2 (R3), TPI>0 (R4)
# N per group: 30
#
# SECTION 1: Individual criteria (8 groups)
# SECTION 2: Pairwise criteria (24 groups: pairs {R1,R2},{R1,R3},{R1,R4},{R2,R3},{R2,R4},{R3,R4})
#

# ── R1  (group size: 4,640; showing 30 extreme) ─────────────────
# DM-relaxed (delta1 < 0.07); sorted by smallest delta_1
# rank   row_idx      unique_tag         fof_tag   delta_1   delta_2     K_core       TPI
     1      9208   2599833718698   2599833718698   0.00233   0.01721    121.170    0.5620
     2      1432   3608302269948   3608302269948   0.00238   0.07090    203.255   -1.7560
     3      7782   1797062113384   1797062113384   0.00296   0.01896    174.020    0.2922
     4      7105   3427664130838   3427664130838   0.00336   0.02760     33.350    3.1398
     5      7184   2433578635658   2433578635658   0.00371   0.03967    110.201    0.7322
     6      3692   1571042930150   1571042930150   0.00384   0.03708    209.132   -1.2152
     7      7898    412408425848    412408425848   0.00424   0.02385    196.224    1.9260
     8       279   1388901053880   1388901053880   0.00428   0.00358     59.472    4.4950
     9      8119    203074346212    203074346212   0.00433   0.05289     76.204    2.0773
    10        52    342984804718    342984804718   0.00443   0.01588    148.299    1.7148
    11      3637   1243080602076   1243080602076   0.00455   0.02418     98.142    0.6531
    12       167   1307893079794   1307893079794   0.00461   0.03679    261.143    1.0163
    13      7926    137476373468    137476373468   0.00462   0.02352    160.156    1.6849
    14      8189    858164652182    858164652182   0.00496   0.02239     43.277    2.5444
    15      3830   2013246450368   2013246450368   0.00504   0.04252    143.690    1.9024
    16      8906   3165542518618   3165542518618   0.00507   0.04578    119.868   -0.7630
    17      6312   2574827479256   2574827479256   0.00531   0.01715     76.301    2.5876
    18      7125   3800430266956   3800430266956   0.00534   0.04621    130.131    0.2693
    19      1342   2204260459444   2204260459444   0.00543   0.02201    126.502    0.5556
    20      7383   3893872368326   3893872368326   0.00546   0.05905   7502.251   -0.4533
    21      1700   2260559151562   2260559151562   0.00579   0.02825    152.232    0.5793
    22      7352   3746505642526   3746505642526   0.00587   0.02329    126.943    0.6148
    23      4032   3378627383570   3378627383570   0.00601   0.01982    102.475   -0.1022
    24      2844    578457433448    578457433448   0.00602   0.04445    133.613    1.1474
    25      5310    143952820368    143952820368   0.00614   0.00841     59.481    3.0537
    26      6649   2359256627314   2359256627314   0.00614   0.06246    116.856    1.0685
    27      1005    858073790998    858073790998   0.00625   0.02530    227.755    0.0814
    28      2912    628933340716    628933340716   0.00635   0.05154    135.987    1.9181
    29      1399   2630711139140   2630711139140   0.00640   0.12186     61.366    0.1760
    30      7192   2780295229058   2780295229058   0.00642   0.02748     51.902    3.6924

# ── notR1  (group size: 5,345; showing 30 extreme) ─────────────────
# DM-disturbed (delta1 >= 0.07); sorted by largest delta_1
# rank   row_idx      unique_tag         fof_tag   delta_1   delta_2     K_core       TPI
     1      9783   2562626579368   2562626579368   1.62041   0.07104    141.682    1.7201
     2      8802   2932851059276   2932851059276   1.53821   0.03548    351.736    0.7187
     3      2464   3276009233650   3276009233650   1.47181   0.06292    164.982   -0.6653
     4      7081   3518182023596   3518182023596   1.46662   0.01552     49.484    2.4406
     5      4558   3429421210866   3429421210866   1.42907   0.03784    157.786    0.5429
     6      3406   1447165754072   1447165754072   1.41830   0.03506     85.908    5.7649
     7      1017    406826138620    406826138620   1.22956   0.07214    162.205   -1.3333
     8      3562    483898552104    483898552104   1.18113   0.06335    149.406   -0.2078
     9       233   1625772634888   1625772634888   1.16589   0.03299    202.403   -1.2656
    10      7495    323734055832    323734055832   1.14625   0.01287    203.638    0.5636
    11      5259   1958798359968   1958798359968   1.13618   0.02068    227.270    0.1289
    12      4726   2089562865824   2089562865824   1.12771   0.03486    107.097    0.0305
    13      5369    732966709314    732966709314   1.09540   0.03519    116.217    1.6501
    14      8057   1110934735038   1110934735038   1.09317   0.03528    214.247    0.4289
    15      6098   1771533864352   1771533864352   1.07312   0.03471     68.344    1.2741
    16      7258   2327538602428   2327538602428   1.06078   0.05416    234.400    0.3279
    17      8795   2368606251746   2368606251746   1.04416   0.05509     95.003   -0.9220
    18      6808   3815403673616   3815403673616   1.03154   0.02469    132.699    1.7777
    19      9560   3946326019246   3946326019246   1.01939   0.03074    121.876    1.4149
    20      8014   1474528671770   1474528671770   0.97419   0.08842    104.761   -0.8056
    21      7031   3335586326576   3335586326576   0.93727   0.01918    266.726    1.1778
    22       534   1976402889294   1976402889294   0.93094   0.05546    214.174   -1.3163
    23      4675   3759355793408   3759355793408   0.92925   0.06322    184.462   -0.0265
    24       643    658551985880    658551985880   0.90623   0.06729    194.409   -2.0811
    25      4048   3509449680284   3509449680284   0.88940   0.08828    178.173   -2.5218
    26      5986    682154317784    682154317784   0.88689   0.06586    100.965   -0.1837
    27      8555    369890539106    369890539106   0.88573   0.03751    167.357    0.0526
    28      7089   3567084893502   3567084893502   0.88154   0.06997     71.010    0.6837
    29      1969   2678304923762   2678304923762   0.87669   0.07556    709.642   -2.4427
    30      7627    952130559824    952130559824   0.87300   0.02578     95.336    1.1813

# ── R2  (group size: 8,237; showing 30 extreme) ─────────────────
# Gas-coherent (delta2 < 0.07); sorted by smallest delta_2
# rank   row_idx      unique_tag         fof_tag   delta_1   delta_2     K_core       TPI
     1      1407   2773907015208   2773907015208   0.07099   0.00145     73.307    0.6743
     2      9404   2163792048826   2163792048826   0.12840   0.00153    269.550   -2.2340
     3      3494    628337741640    628337741640   0.08722   0.00213     75.434    0.8410
     4      5817   1079942340876   1079942340876   0.23501   0.00258    163.315    1.2926
     5      1672   2565342063078   2565342063078   0.03597   0.00305    176.941    1.7871
     6      3485    574678674126    574678674126   0.02174   0.00314     57.676    3.3898
     7      3744   2188193414930   2188193414930   0.12463   0.00324    199.828   -2.4439
     8      1235   1761414313396   1761414313396   0.68149   0.00336     47.617    1.9971
     9      3757   2157743171500   2157743171500   0.80193   0.00337    222.603   -0.4337
    10      5976     12850231768     12850231768   0.12094   0.00344    359.459   -2.1908
    11       279   1388901053880   1388901053880   0.00428   0.00358     59.472    4.4950
    12       156   1392326107832   1392326107832   0.00947   0.00367     76.841    3.5523
    13      9424   2658824804754   2658824804754   0.06710   0.00392    112.189    3.0549
    14      7558    224044246108    224044246108   0.13491   0.00402    179.595   -3.0139
    15      2812    286646397208    286646397208   0.03747   0.00406     58.003    0.9946
    16      8269    553644351104    553644351104   0.44808   0.00406    262.814   -0.7325
    17      6854   3652886455560   3652886455560   0.09550   0.00423    218.717   -0.1718
    18      7906    570510856100    570510856100   0.84727   0.00434    205.895   -0.6639
    19      8016   1187524032230   1187524032230   0.02457   0.00435    123.351    4.4338
    20      9317   3666041913306   3666041913306   0.16119   0.00445     86.434    1.2746
    21      7372   3143596298046   3143596298046   0.09758   0.00445    258.776    0.3799
    22      1617   2051003557800   2051003557800   0.13347   0.00454    244.485   -3.3478
    23      1300   2024555251016   2024555251016   0.10155   0.00474    107.402    1.3606
    24      4142   2327990293922   2327990293922   0.02417   0.00477    104.202    0.6622
    25      4454   2482863955748   2482863955748   0.02758   0.00479     71.579    1.6692
    26      3027   1226874198964   1226874198964   0.01389   0.00483    138.653    1.6840
    27      5313    119179406736    119179406736   0.18156   0.00489    173.733   -1.0547
    28      5985    587224153324    587224153324   0.01991   0.00494    156.053    0.5769
    29      8819   2478407342554   2478407342554   0.02726   0.00497    192.483    0.3147
    30      8087   1067803195820   1067803195820   0.02179   0.00498     61.858    2.0720

# ── notR2  (group size: 1,748; showing 30 extreme) ─────────────────
# Gas-displaced (delta2 >= 0.07); sorted by largest delta_2
# rank   row_idx      unique_tag         fof_tag   delta_1   delta_2     K_core       TPI
     1      5512   1830630173556   1830630173556   0.36274   0.31662    170.397   -3.6328
     2       941    492882069908    492882069908   0.61987   0.26508    365.889   -5.1485
     3      7835    537170245042    537170245042   0.18319   0.25075     75.845   -1.4487
     4      1500   3392414101224   3392414101224   0.39833   0.23436    167.249   -1.8536
     5      3110   1550126369846   1550126369846   0.22118   0.20719     97.997   -2.1695
     6      8733   1887641330074   1887641330074   0.19078   0.20624    114.343   -0.2143
     7       953     14716077308     14716077308   0.18014   0.20589    344.428    1.5801
     8      3814   2740434077594   2740434077594   0.31603   0.19942    231.968   -3.4908
     9      1518   3067952532880   3067952532880   0.17316   0.19884    119.501   -0.6791
    10       738    169613498838    169613498838   0.25925   0.19767     52.044   -1.2220
    11      5109    371219228022    371219228022   0.16824   0.19366     52.329   -0.5236
    12      1040    588446673180    588446673180   0.16937   0.19174    363.817   -4.1032
    13      9160   2668697960290   2668697960290   0.14702   0.19129    144.414   -1.1808
    14      3866   2883576079342   2883576079342   0.08658   0.18920    293.545   -3.9760
    15      3577   1056007266512   1056007266512   0.08483   0.18800    242.310   -1.9655
    16      8244    168826717106    168826717106   0.32431   0.18757    287.243   -1.5312
    17      9178   2261676933382   2261676933382   0.17185   0.18655    349.272   -3.1879
    18      5276   1269830108412   1269830108412   0.14766   0.18581    268.662   -4.3509
    19      2035   3084393169956   3084393169956   0.11584   0.18453    138.114   -1.6633
    20      4735   2695713734972   2695713734972   0.19069   0.18451    146.402   -0.2093
    21      7930    305435507960    305435507960   0.27963   0.18381     78.529   -1.7433
    22      9894   3383789594114   3383789594114   0.13331   0.18134    276.907   -2.2683
    23      4942   3272302088500   3272302088500   0.18893   0.18117    131.500    2.0852
    24      7380   3410317029930   3410317029930   0.09251   0.18114    192.683   -1.5336
    25      3127    126568392766    126568392766   0.07359   0.17922    468.138   -4.1321
    26      3375   1595713580640   1595713580640   0.15527   0.17807    134.320   -2.2043
    27      2134   3743892946568   3743892946568   0.24464   0.17792    172.227   -1.8758
    28      8299   1894183295310   1894183295310   0.14464   0.17768     87.533    1.4520
    29      6815   3533783190968   3533783190968   0.18932   0.17768    129.513   -1.1265
    30      3283   1004813090988   1004813090988   0.24355   0.17761    226.520   -2.5840

# ── R3  (group size: 4,997; showing 30 extreme) ─────────────────
# Cool-core by entropy (K_core < 150); sorted by smallest K_core
# rank   row_idx      unique_tag         fof_tag   delta_1   delta_2     K_core       TPI
     1      8419   1798643472390   1798643472390   0.15637   0.07057     10.740    3.8230
     2      4687   2460415866554   2460415866554   0.03305   0.03767     18.563    5.0742
     3      7153   3479448242070   3479448242070   0.03746   0.05161     18.889    3.4894
     4      5557   1745831900138   1745831900138   0.02228   0.01963     20.044    6.0239
     5      6766   3711961374390   3711961374390   0.07892   0.05875     22.857    4.8332
     6       753     73083312422     73083312422   0.13054   0.02674     22.902    4.5298
     7       461   1098082441320   1098082441320   0.27822   0.02037     24.716    4.4542
     8      2476   3095654549152   3095654549152   0.04399   0.00603     25.105    3.5853
     9      5669     54984151246     54984151246   0.10530   0.02367     26.462    4.6381
    10      9779   2312134472674   2312134472674   0.02968   0.03121     27.018    3.0196
    11      3675   1479249385762   1479249385762   0.53786   0.01712     27.553    3.9737
    12      4346   3214247078500   3214247078500   0.05728   0.04186     27.634    4.2670
    13      9036   3846354363344   3846354363344   0.02248   0.01352     27.983    4.8539
    14      5925   1831518964418   1831518964418   0.03857   0.02209     28.084    3.7570
    15      7463   3305216954866   3305216954866   0.01775   0.00841     28.301    4.6313
    16       836   1466990212812   1466990212812   0.02225   0.01603     28.303    5.0978
    17      9964   3863859374356   3863859374356   0.05423   0.03920     28.389    3.9129
    18       511   1052082513424   1052082513424   0.02137   0.01332     28.938    3.2334
    19      3065   1489725447410   1489725447410   0.06162   0.01359     29.037    3.5743
    20      4224   3465969119150   3465969119150   0.01051   0.02061     29.059    3.2943
    21      9174   2212466020590   2212466020590   0.06031   0.03805     29.093    4.1841
    22      7776   1139810558314   1139810558314   0.12082   0.10226     30.102   30.8990
    23      1944   2055332446874   2055332446874   0.03225   0.01306     30.376    3.7916
    24      5073    724642871514    724642871514   0.16764   0.02114     31.328    3.4205
    25      5301   1681015460350   1681015460350   0.10106   0.01544     31.622    3.4952
    26      8315   1589373420440   1589373420440   0.02808   0.01461     32.193    3.8095
    27      1455   3937605464178   3937605464178   0.07536   0.00979     32.249    3.0921
    28      8138    741597337774    741597337774   0.03493   0.01805     32.621    4.7050
    29      6225   1579502078476   1579502078476   0.02262   0.04562     32.719    3.1321
    30      2923    796616786580    796616786580   0.02684   0.02330     32.834    3.8441

# ── notR3  (group size: 4,988; showing 30 extreme) ─────────────────
# Non-cool-core by entropy (K_core >= 150); sorted by largest K_core
# rank   row_idx      unique_tag         fof_tag   delta_1   delta_2     K_core       TPI
     1      9170   2256273700578   2256273700578   0.04033   0.03207  14947.758    1.4660
     2       680    439198258862    439198258862   0.11000   0.04965  12489.795   -0.3601
     3      7383   3893872368326   3893872368326   0.00546   0.05905   7502.251   -0.4533
     4      8319   1827202856594   1827202856594   0.05608   0.04884   7466.273    1.4486
     5       211   1025325229616   1025325229616   0.06596   0.05033   4836.527   -1.3082
     6      5528   1707452248812   1707452248812   0.20192   0.04954   4690.412   -1.5271
     7      5121    938610256280    938610256280   0.05816   0.02965   4583.049   -2.5769
     8      5762    845603058018    845603058018   0.04537   0.02330   4550.075    3.2366
     9      4680   2150819074378   2150819074378   0.10027   0.06637   4314.443   -1.3193
    10      2302   2815866962594   2815866962594   0.08947   0.02556   4223.056    1.4908
    11      1752   3918598011648   3918598011648   0.05974   0.04176   4084.690    2.8937
    12      1019    192835878034    192835878034   0.03680   0.07456   3876.563    1.0381
    13      8384   1675413304858   1675413304858   0.06958   0.03642   3793.557   -2.9050
    14      9674   2156200597864   2156200597864   0.15886   0.09420   3552.808   -2.5804
    15      4105   2221649011684   2221649011684   0.10120   0.03344   3491.871   -0.0419
    16      2897    663224742464    663224742464   0.08400   0.08190   3413.545   -2.9020
    17      9060   2286092606616   2286092606616   0.07682   0.05785   3248.527    0.5454
    18      6562   2066505729292   2066505729292   0.06226   0.06510   3234.120   -2.6805
    19      4858   3578704272664   3578704272664   0.00873   0.02692   3171.247    3.8857
    20      5495   1144792216586   1144792216586   0.04033   0.02741   3166.208   -0.9756
    21      6914   2439567112942   2439567112942   0.10094   0.05326   3078.448   -1.2000
    22       816   1955294795612   1955294795612   0.08094   0.08199   2934.269   -2.8588
    23      8366   1097858762876   1097858762876   0.04298   0.02376   2917.959   -0.3815
    24      7691    995945494332    995945494332   0.08609   0.05743   2873.665   -0.5696
    25      9064   2667410916068   2667410916068   0.16116   0.03523   2866.717   -5.6308
    26      4029   3225575838888   3225575838888   0.06052   0.03766   2836.013    2.7309
    27      9567   3183689522150   3183689522150   0.08668   0.02866   2815.408    3.5567
    28      3945   3439902211520   3439902211520   0.06771   0.02917   2678.551    0.1678
    29      2220   2931447591428   2931447591428   0.10556   0.05818   2582.049    0.6698
    30      2430   3084174913932   3084174913932   0.11069   0.05682   2546.714   -1.1673

# ── R4  (group size: 5,344; showing 30 extreme) ─────────────────
# Cool-core by TPI (TPI > 0); sorted by highest TPI
# rank   row_idx      unique_tag         fof_tag   delta_1   delta_2     K_core       TPI
     1      7776   1139810558314   1139810558314   0.12082   0.10226     30.102   30.8990
     2      6986   2075691665486   2075691665486   0.09798   0.05422     85.061   21.3347
     3      3799   2440687158262   2440687158262   0.01029   0.05677     99.989   17.0942
     4      8827   2302835566432   2302835566432   0.28598   0.04960   1087.556   14.1757
     5      7564     13818615030     13818615030   0.14989   0.03513     72.696   13.7663
     6      8468    763259283682    763259283682   0.27419   0.04700    213.572   13.2502
     7      1030    367160382822    367160382822   0.08856   0.04327    179.138   12.8944
     8      7938    386718915752    386718915752   0.11002   0.07323    230.381   12.5970
     9      1967   2884039361546   2884039361546   0.12999   0.02997     81.945   11.2423
    10       512   1027305117774   1027305117774   0.08380   0.04324    166.445   10.8667
    11      3244    370454222636    370454222636   0.02138   0.02004    168.150   10.5751
    12      8124    425347569102    425347569102   0.01696   0.04208    194.684   10.4533
    13      4263   3281236963680   3281236963680   0.08772   0.04472     67.047    9.8673
    14      2144   3761991185136   3761991185136   0.06638   0.05122     65.247    9.7400
    15      1161   1849357851018   1849357851018   0.14643   0.02749    123.306    9.3818
    16      6369   2489115425762   2489115425762   0.04986   0.04320     76.328    9.0981
    17      6263   2503649320454   2503649320454   0.04386   0.04726     78.343    9.0960
    18      2706   1918331934154   1918331934154   0.18003   0.01159     35.204    8.8588
    19       657    160404307062    160404307062   0.02454   0.03982     93.214    8.8033
    20      6926   2325903976690   2325903976690   0.22719   0.01830    102.827    8.6620
    21        74    632885704194    632885704194   0.16408   0.04168    143.774    8.2291
    22      5213   1558769449044   1558769449044   0.05707   0.01690    449.276    8.0974
    23      1291   2682112233026   2682112233026   0.15905   0.05454    513.027    8.0662
    24      4275   3591751213202   3591751213202   0.34539   0.03754     85.261    7.8430
    25      1143   1326096507394   1326096507394   0.09609   0.05013   1679.166    7.8119
    26      7948    513715019072    513715019072   0.04511   0.01249     87.467    7.6767
    27      4343   3043401511324   3043401511324   0.30668   0.03452    104.718    7.5179
    28      8018   1284039704436   1284039704436   0.02888   0.02210    283.927    7.4410
    29      4120   2911002167414   2911002167414   0.03029   0.04114    134.541    7.4249
    30      4405   2941696783638   2941696783638   0.43172   0.04156    139.208    7.3049

# ── notR4  (group size: 4,641; showing 30 extreme) ─────────────────
# Non-cool-core by TPI (TPI <= 0); sorted by lowest TPI
# rank   row_idx      unique_tag         fof_tag   delta_1   delta_2     K_core       TPI
     1      8091   1717114231320   1717114231320   0.20626   0.10237    225.657  -11.3847
     2      6101   1719484725046   1719484725046   0.03121   0.02216     69.862   -9.3425
     3      4085   2560754827208   2560754827208   0.15969   0.07963    355.463   -9.2067
     4      8785   2051082899130   2051082899130   0.09350   0.04120    166.663   -8.2569
     5      9273   3830849758688   3830849758688   0.30381   0.02957    230.518   -8.0376
     6      2987   1305884641928   1305884641928   0.22220   0.12502    328.238   -7.6878
     7      9613   3234418613498   3234418613498   0.28186   0.08022    499.834   -7.3164
     8      2739   1826923823218   1826923823218   0.04755   0.02874    236.040   -6.6401
     9       394    127736737354    127736737354   0.11964   0.17116    293.850   -6.5137
    10      9055   2220349688290   2220349688290   0.22359   0.06371    281.777   -6.2621
    11      8859   2068558474034   2068558474034   0.34169   0.15960    581.934   -6.2549
    12      8727   1714586478624   1714586478624   0.19660   0.07386    519.544   -6.2310
    13      8461    857883065730    857883065730   0.09087   0.12933    560.440   -6.0532
    14      1897   2675434264142   2675434264142   0.12522   0.05126    269.290   -5.8297
    15       468   1272720935774   1272720935774   0.23666   0.07538    499.928   -5.7807
    16      9064   2667410916068   2667410916068   0.16116   0.03523   2866.717   -5.6308
    17      9581   3573267813030   3573267813030   0.11659   0.06583    175.135   -5.6030
    18      9461   2976600437404   2976600437404   0.15132   0.02753    167.581   -5.4301
    19      4197   2529978019728   2529978019728   0.13047   0.06757    238.519   -5.3585
    20      9677   2399108790690   2399108790690   0.10346   0.08298    777.171   -5.2677
    21      4935   3368822925886   3368822925886   0.16013   0.11028   2257.835   -5.1710
    22       941    492882069908    492882069908   0.61987   0.26508    365.889   -5.1485
    23      8604   1527202500612   1527202500612   0.08408   0.04619     87.549   -5.1443
    24      6872   2432871220870   2432871220870   0.05043   0.01476    207.313   -5.1363
    25      8674   1129688026738   1129688026738   0.19766   0.05611    328.090   -5.1287
    26      2389   3224237367988   3224237367988   0.20277   0.06694    116.263   -5.1031
    27      6574   2636784575694   2636784575694   0.13641   0.14543    304.393   -5.0870
    28      2682   1452820473252   1452820473252   0.21475   0.12676    455.853   -5.0625
    29      4199   2602692795488   2602692795488   0.13819   0.13898    372.925   -5.0581
    30      2759   1694453018792   1694453018792   0.10978   0.10990    373.996   -5.0520

# ── R1_andR2  (group size: 4,198; showing 30 extreme) ─────────────────
# R1 AND R2: DM-relaxed + gas-coherent; sorted by smallest delta_2
# rank   row_idx      unique_tag         fof_tag   delta_1   delta_2     K_core       TPI
     1      1672   2565342063078   2565342063078   0.03597   0.00305    176.941    1.7871
     2      3485    574678674126    574678674126   0.02174   0.00314     57.676    3.3898
     3       279   1388901053880   1388901053880   0.00428   0.00358     59.472    4.4950
     4       156   1392326107832   1392326107832   0.00947   0.00367     76.841    3.5523
     5      9424   2658824804754   2658824804754   0.06710   0.00392    112.189    3.0549
     6      2812    286646397208    286646397208   0.03747   0.00406     58.003    0.9946
     7      8016   1187524032230   1187524032230   0.02457   0.00435    123.351    4.4338
     8      4142   2327990293922   2327990293922   0.02417   0.00477    104.202    0.6622
     9      4454   2482863955748   2482863955748   0.02758   0.00479     71.579    1.6692
    10      3027   1226874198964   1226874198964   0.01389   0.00483    138.653    1.6840
    11      5985    587224153324    587224153324   0.01991   0.00494    156.053    0.5769
    12      8819   2478407342554   2478407342554   0.02726   0.00497    192.483    0.3147
    13      8087   1067803195820   1067803195820   0.02179   0.00498     61.858    2.0720
    14      9139   2441018958874   2441018958874   0.00941   0.00519     94.631    2.5680
    15      8569    938566590192    938566590192   0.06283   0.00522     37.353    2.7995
    16      1387   2278576621838   2278576621838   0.05179   0.00524    137.529    1.0470
    17      4765   2588735529328   2588735529328   0.05043   0.00524     98.703    1.1786
    18        49    140421231998    140421231998   0.05629   0.00535    110.192    0.5248
    19      5596   1247997232620   1247997232620   0.02871   0.00542    235.277   -1.5313
    20      5165   1359632498620   1359632498620   0.01471   0.00544     63.680    2.2965
    21       137    845914939504    845914939504   0.02139   0.00549     69.201    2.2233
    22      6599   2221808590882   2221808590882   0.03688   0.00569     70.523    1.6315
    23      8529    286653502682    286653502682   0.03820   0.00572     83.501    1.5433
    24       720    395008902788    395008902788   0.02009   0.00574     93.343    2.3912
    25      2178   3798217520762   3798217520762   0.01065   0.00583     73.140    2.0350
    26      7665   1786218046806   1786218046806   0.03864   0.00587     70.242    3.1454
    27      6602   2340252825244   2340252825244   0.01928   0.00588    106.738    0.9967
    28      6862   3839606711948   3839606711948   0.00834   0.00590     68.646    2.5690
    29      9763   2746216289014   2746216289014   0.02554   0.00591    104.995    1.6429
    30      2276   2128138398940   2128138398940   0.04707   0.00592     66.900    1.5487

# ── R1_notR2  (group size: 442; showing 30 extreme) ─────────────────
# R1 AND NOT R2: DM-relaxed + gas-displaced; sorted by largest delta_2
# rank   row_idx      unique_tag         fof_tag   delta_1   delta_2     K_core       TPI
     1      2586    207211894048    207211894048   0.03546   0.16964    117.686   -2.0037
     2        98    586174456736    586174456736   0.04088   0.16804    318.995   -1.0154
     3      7812     77088301252     77088301252   0.05562   0.15260     49.556    1.5565
     4      5334    937735508464    937735508464   0.05469   0.14770     75.440   -1.1444
     5      8111   2002579607656   2002579607656   0.02913   0.14471    205.893   -2.0030
     6      1385   2102992397048   2102992397048   0.06225   0.14105    257.499   -3.4505
     7      6152   1633478964476   1633478964476   0.06713   0.13947    154.235   -1.1725
     8      5232   1416152294876   1416152294876   0.05881   0.13577     85.638   -2.9368
     9      2385   3884324456140   3884324456140   0.05724   0.13448    372.086   -1.9318
    10      3960   3175750294502   3175750294502   0.05083   0.13327     80.357    2.4875
    11      5917   1838827642456   1838827642456   0.05009   0.13285    134.546   -1.7379
    12      5169   1237405165962   1237405165962   0.04894   0.13282    102.266    1.9084
    13      2184   2095716225268   2095716225268   0.02358   0.13131    154.958    3.6884
    14      1838   3080393924082   3080393924082   0.03079   0.12848    159.349   -0.5721
    15      7582    904175941398    904175941398   0.06763   0.12841    310.857   -3.2406
    16       903   1265714034980   1265714034980   0.05093   0.12731    234.184    0.3035
    17      7642   1059723846316   1059723846316   0.02448   0.12603    174.141    0.1332
    18      8368   1394726202516   1394726202516   0.03986   0.12555    346.702   -3.3655
    19      8853   2366388452208   2366388452208   0.05166   0.12513    270.529   -1.6701
    20      5896   1498455047242   1498455047242   0.06773   0.12496     85.194   -0.0311
    21      9691   2530273530164   2530273530164   0.02359   0.12460    226.084   -1.1493
    22      3324   1498613365716   1498613365716   0.06067   0.12383    133.036    1.8378
    23      1399   2630711139140   2630711139140   0.00640   0.12186     61.366    0.1760
    24       668    383634474992    383634474992   0.06876   0.12124    166.899   -0.1970
    25       869   1498391102730   1498391102730   0.05792   0.11963    304.012   -1.9414
    26      9778   2107960695770   2107960695770   0.03961   0.11871    233.650   -1.7449
    27      8076   1174491930440   1174491930440   0.05185   0.11858     75.937    0.0325
    28      1712   2747003545272   2747003545272   0.05764   0.11857    155.193   -2.4028
    29      5704    921182568662    921182568662   0.03637   0.11831    190.594    1.1733
    30      4630   3746923726120   3746923726120   0.02762   0.11695    166.385   -0.4351

# ── notR1_andR2  (group size: 4,039; showing 30 extreme) ─────────────────
# NOT R1 AND R2: DM-disturbed + gas-coherent; sorted by smallest delta_2
# rank   row_idx      unique_tag         fof_tag   delta_1   delta_2     K_core       TPI
     1      1407   2773907015208   2773907015208   0.07099   0.00145     73.307    0.6743
     2      9404   2163792048826   2163792048826   0.12840   0.00153    269.550   -2.2340
     3      3494    628337741640    628337741640   0.08722   0.00213     75.434    0.8410
     4      5817   1079942340876   1079942340876   0.23501   0.00258    163.315    1.2926
     5      3744   2188193414930   2188193414930   0.12463   0.00324    199.828   -2.4439
     6      1235   1761414313396   1761414313396   0.68149   0.00336     47.617    1.9971
     7      3757   2157743171500   2157743171500   0.80193   0.00337    222.603   -0.4337
     8      5976     12850231768     12850231768   0.12094   0.00344    359.459   -2.1908
     9      7558    224044246108    224044246108   0.13491   0.00402    179.595   -3.0139
    10      8269    553644351104    553644351104   0.44808   0.00406    262.814   -0.7325
    11      6854   3652886455560   3652886455560   0.09550   0.00423    218.717   -0.1718
    12      7906    570510856100    570510856100   0.84727   0.00434    205.895   -0.6639
    13      9317   3666041913306   3666041913306   0.16119   0.00445     86.434    1.2746
    14      7372   3143596298046   3143596298046   0.09758   0.00445    258.776    0.3799
    15      1617   2051003557800   2051003557800   0.13347   0.00454    244.485   -3.3478
    16      1300   2024555251016   2024555251016   0.10155   0.00474    107.402    1.3606
    17      5313    119179406736    119179406736   0.18156   0.00489    173.733   -1.0547
    18      2142   3881403549974   3881403549974   0.14395   0.00521    168.566   -1.4534
    19      1312   2588158641868   2588158641868   0.09517   0.00527    158.523   -0.0910
    20      5143    514105067830    514105067830   0.47218   0.00529    134.657   -0.2342
    21      7002   2086820289716   2086820289716   0.09331   0.00533    178.604   -0.3165
    22      1417   3029142035848   3029142035848   0.22312   0.00577     52.179    2.4674
    23       864   1856292741072   1856292741072   0.09741   0.00583    102.215    0.7458
    24      4423   2082835095316   2082835095316   0.20328   0.00589    103.297   -0.8237
    25      1346   2427457365110   2427457365110   0.13353   0.00626    140.711    2.0404
    26      3293   1588109046548   1588109046548   0.15527   0.00626    182.560    0.1013
    27      8716   1273889810430   1273889810430   0.51643   0.00637     63.764    0.4436
    28      3108   1960330205394   1960330205394   0.11356   0.00683    146.794   -1.3242
    29      9769   2018716708960   2018716708960   0.11518   0.00685    210.081   -1.1554
    30       319     26772531636     26772531636   0.10565   0.00686    229.771   -2.7764

# ── notR1_notR2  (group size: 1,306; showing 30 extreme) ─────────────────
# NOT R1 AND NOT R2: DM-disturbed + gas-displaced; sorted by largest delta_1
# rank   row_idx      unique_tag         fof_tag   delta_1   delta_2     K_core       TPI
     1      9783   2562626579368   2562626579368   1.62041   0.07104    141.682    1.7201
     2      1017    406826138620    406826138620   1.22956   0.07214    162.205   -1.3333
     3      8014   1474528671770   1474528671770   0.97419   0.08842    104.761   -0.8056
     4      4048   3509449680284   3509449680284   0.88940   0.08828    178.173   -2.5218
     5      1969   2678304923762   2678304923762   0.87669   0.07556    709.642   -2.4427
     6      6667   2654896222860   2654896222860   0.84444   0.07529    151.069   -0.4377
     7      6596   2330733321310   2330733321310   0.82629   0.08908     50.047    1.2504
     8      8022   1409134622598   1409134622598   0.81793   0.07798    327.990   -0.5663
     9      7044   3930596000340   3930596000340   0.79452   0.07353    170.041    0.3946
    10      8740   2365058165808   2365058165808   0.79391   0.13385    366.950   -2.9288
    11      7232   2515834510860   2515834510860   0.76428   0.11228    230.574   -2.4428
    12      4656   3714258501846   3714258501846   0.75223   0.08803    200.591   -0.9703
    13      1266   2224882349506   2224882349506   0.74843   0.07425    122.705    0.1933
    14      8774   2551148727320   2551148727320   0.73567   0.08254     60.433   -0.4830
    15      4839   3077645137546   3077645137546   0.72351   0.11344    211.421   -1.6494
    16      3446    536546867518    536546867518   0.68448   0.11551    153.055   -0.2217
    17      3430   1786286890996   1786286890996   0.68168   0.07918    182.603    0.3528
    18      8909   3310012153066   3310012153066   0.67829   0.14286    126.883   -1.1080
    19      7451   3386498645794   3386498645794   0.67340   0.07148    231.343   -0.8147
    20      1268   2474774342980   2474774342980   0.66607   0.08892    219.788    0.0417
    21      4816   2375335128322   2375335128322   0.65432   0.08903    428.981   -4.6693
    22      9428   2857269689208   2857269689208   0.63432   0.09282    155.738    0.5931
    23       941    492882069908    492882069908   0.61987   0.26508    365.889   -5.1485
    24      7233   2693022086042   2693022086042   0.61919   0.11888    195.744   -2.5327
    25      2758   1573475328830   1573475328830   0.61147   0.09355    304.384   -3.3315
    26      9990   3924227006526   3924227006526   0.60873   0.11549    185.935   -2.3589
    27      7159   3733130215004   3733130215004   0.60706   0.08202    150.045    1.9047
    28      1033    704663729182    704663729182   0.60439   0.09007    118.634   -1.9122
    29      4730   2464875992116   2464875992116   0.60297   0.07152    289.606   -2.1803
    30      2038   3717210401534   3717210401534   0.60103   0.10043    252.411   -0.0379

# ── R1_andR3  (group size: 2,576; showing 30 extreme) ─────────────────
# R1 AND R3: DM-relaxed + cool-core (K); sorted by smallest K_core
# rank   row_idx      unique_tag         fof_tag   delta_1   delta_2     K_core       TPI
     1      4687   2460415866554   2460415866554   0.03305   0.03767     18.563    5.0742
     2      7153   3479448242070   3479448242070   0.03746   0.05161     18.889    3.4894
     3      5557   1745831900138   1745831900138   0.02228   0.01963     20.044    6.0239
     4      2476   3095654549152   3095654549152   0.04399   0.00603     25.105    3.5853
     5      9779   2312134472674   2312134472674   0.02968   0.03121     27.018    3.0196
     6      4346   3214247078500   3214247078500   0.05728   0.04186     27.634    4.2670
     7      9036   3846354363344   3846354363344   0.02248   0.01352     27.983    4.8539
     8      5925   1831518964418   1831518964418   0.03857   0.02209     28.084    3.7570
     9      7463   3305216954866   3305216954866   0.01775   0.00841     28.301    4.6313
    10       836   1466990212812   1466990212812   0.02225   0.01603     28.303    5.0978
    11      9964   3863859374356   3863859374356   0.05423   0.03920     28.389    3.9129
    12       511   1052082513424   1052082513424   0.02137   0.01332     28.938    3.2334
    13      3065   1489725447410   1489725447410   0.06162   0.01359     29.037    3.5743
    14      4224   3465969119150   3465969119150   0.01051   0.02061     29.059    3.2943
    15      9174   2212466020590   2212466020590   0.06031   0.03805     29.093    4.1841
    16      1944   2055332446874   2055332446874   0.03225   0.01306     30.376    3.7916
    17      8315   1589373420440   1589373420440   0.02808   0.01461     32.193    3.8095
    18      8138    741597337774    741597337774   0.03493   0.01805     32.621    4.7050
    19      6225   1579502078476   1579502078476   0.02262   0.04562     32.719    3.1321
    20      2923    796616786580    796616786580   0.02684   0.02330     32.834    3.8441
    21      7105   3427664130838   3427664130838   0.00336   0.02760     33.350    3.1398
    22      5085    843719677952    843719677952   0.03926   0.02809     33.661    3.5118
    23        58    704300940206    704300940206   0.05643   0.02784     33.704    2.3484
    24      2338   3085105143126   3085105143126   0.02727   0.03044     33.936    2.0946
    25      4884   3367583713508   3367583713508   0.02754   0.04021     34.746    1.0566
    26      9306   3593325849746   3593325849746   0.04042   0.01642     35.745    3.1008
    27      7140   3893765801836   3893765801836   0.05959   0.01010     36.041    2.6023
    28      9185   2433439554536   2433439554536   0.01895   0.02394     36.116    2.5582
    29      8504    861410788748    861410788748   0.02053   0.01806     36.555    3.7374
    30      7705   1702130131860   1702130131860   0.01698   0.04540     37.078    4.8301

# ── R1_notR3  (group size: 2,064; showing 30 extreme) ─────────────────
# R1 AND NOT R3: DM-relaxed + non-CC (K); sorted by largest K_core
# rank   row_idx      unique_tag         fof_tag   delta_1   delta_2     K_core       TPI
     1      9170   2256273700578   2256273700578   0.04033   0.03207  14947.758    1.4660
     2      7383   3893872368326   3893872368326   0.00546   0.05905   7502.251   -0.4533
     3      8319   1827202856594   1827202856594   0.05608   0.04884   7466.273    1.4486
     4       211   1025325229616   1025325229616   0.06596   0.05033   4836.527   -1.3082
     5      5121    938610256280    938610256280   0.05816   0.02965   4583.049   -2.5769
     6      5762    845603058018    845603058018   0.04537   0.02330   4550.075    3.2366
     7      1752   3918598011648   3918598011648   0.05974   0.04176   4084.690    2.8937
     8      1019    192835878034    192835878034   0.03680   0.07456   3876.563    1.0381
     9      8384   1675413304858   1675413304858   0.06958   0.03642   3793.557   -2.9050
    10      6562   2066505729292   2066505729292   0.06226   0.06510   3234.120   -2.6805
    11      4858   3578704272664   3578704272664   0.00873   0.02692   3171.247    3.8857
    12      5495   1144792216586   1144792216586   0.04033   0.02741   3166.208   -0.9756
    13      8366   1097858762876   1097858762876   0.04298   0.02376   2917.959   -0.3815
    14      4029   3225575838888   3225575838888   0.06052   0.03766   2836.013    2.7309
    15      3945   3439902211520   3439902211520   0.06771   0.02917   2678.551    0.1678
    16      9027   3173827878158   3173827878158   0.06507   0.05118   2354.672   -2.1591
    17      4764   2721446792376   2721446792376   0.05418   0.02856   2112.735    4.9653
    18      5157   1170405495998   1170405495998   0.06816   0.07128   2029.536   -0.8648
    19      2755   1056572778190   1056572778190   0.06883   0.01558   1968.672   -2.9654
    20      8710   1250368710106   1250368710106   0.04705   0.05590   1693.247    5.1976
    21      9347   3940389347982   3940389347982   0.04879   0.03921   1683.868    2.0243
    22      5877   1974038191632   1974038191632   0.05597   0.05482   1612.961   -1.5161
    23      5446    827919555856    827919555856   0.04738   0.03820   1589.307    3.3168
    24      7522    299627181526    299627181526   0.01747   0.03919   1410.198    2.5596
    25      2901    799758618736    799758618736   0.03172   0.04198   1395.679    3.9129
    26      8024   1577095418848   1577095418848   0.05988   0.04459   1379.228    0.9858
    27      5618    288009333494    288009333494   0.06081   0.07782   1256.639   -1.1964
    28      2818    132649021822    132649021822   0.01017   0.00784   1174.187    2.9145
    29      8054   1357656291392   1357656291392   0.04343   0.06842   1134.743   -0.9152
    30      5634    457245403126    457245403126   0.02577   0.02288   1119.103    4.4633

# ── notR1_andR3  (group size: 2,421; showing 30 extreme) ─────────────────
# NOT R1 AND R3: DM-disturbed + cool-core (K); sorted by smallest K_core
# rank   row_idx      unique_tag         fof_tag   delta_1   delta_2     K_core       TPI
     1      8419   1798643472390   1798643472390   0.15637   0.07057     10.740    3.8230
     2      6766   3711961374390   3711961374390   0.07892   0.05875     22.857    4.8332
     3       753     73083312422     73083312422   0.13054   0.02674     22.902    4.5298
     4       461   1098082441320   1098082441320   0.27822   0.02037     24.716    4.4542
     5      5669     54984151246     54984151246   0.10530   0.02367     26.462    4.6381
     6      3675   1479249385762   1479249385762   0.53786   0.01712     27.553    3.9737
     7      7776   1139810558314   1139810558314   0.12082   0.10226     30.102   30.8990
     8      5073    724642871514    724642871514   0.16764   0.02114     31.328    3.4205
     9      5301   1681015460350   1681015460350   0.10106   0.01544     31.622    3.4952
    10      1455   3937605464178   3937605464178   0.07536   0.00979     32.249    3.0921
    11      6782   3211487361212   3211487361212   0.14078   0.05155     33.040    2.2955
    12      4774   2141303431484   2141303431484   0.18435   0.01931     34.285    4.1901
    13       827   1007244611780   1007244611780   0.07588   0.06122     34.568    5.6314
    14      6049    613287231408    613287231408   0.07333   0.11009     34.617   -2.5728
    15      5611   1647740272198   1647740272198   0.09895   0.04098     34.655    2.0067
    16       328    217612182744    217612182744   0.26309   0.01019     34.789    3.1403
    17      2706   1918331934154   1918331934154   0.18003   0.01159     35.204    8.8588
    18      7573    913669436516    913669436516   0.12198   0.02134     35.323    3.0002
    19      4804   2108932671294   2108932671294   0.07846   0.04315     35.391    5.4566
    20      2888    444137001600    444137001600   0.11853   0.01978     35.499    2.5682
    21       785   1112308980980   1112308980980   0.25161   0.04976     36.318    3.8087
    22      4394   2909943344736   2909943344736   0.37351   0.04193     36.663    2.0612
    23      4937   3480257276312   3480257276312   0.16400   0.04447     38.002    2.2321
    24      8312   1789081430162   1789081430162   0.20287   0.03435     38.302    1.7257
    25      5580   1845207573112   1845207573112   0.15618   0.05693     38.512    3.5459
    26       879   1423149422402   1423149422402   0.25302   0.02367     38.682    3.2543
    27      8346   1755453919116   1755453919116   0.70422   0.02091     38.836    3.2611
    28      8807   2634376388636   2634376388636   0.38978   0.01621     39.277    3.1526
    29      4347   3382207396164   3382207396164   0.07995   0.01540     39.343    2.8856
    30      8239    218025659836    218025659836   0.10299   0.01229     39.420    2.6938

# ── notR1_notR3  (group size: 2,924; showing 30 extreme) ─────────────────
# NOT R1 AND NOT R3: DM-disturbed + non-CC (K); sorted by largest delta_1
# rank   row_idx      unique_tag         fof_tag   delta_1   delta_2     K_core       TPI
     1      8802   2932851059276   2932851059276   1.53821   0.03548    351.736    0.7187
     2      2464   3276009233650   3276009233650   1.47181   0.06292    164.982   -0.6653
     3      4558   3429421210866   3429421210866   1.42907   0.03784    157.786    0.5429
     4      1017    406826138620    406826138620   1.22956   0.07214    162.205   -1.3333
     5       233   1625772634888   1625772634888   1.16589   0.03299    202.403   -1.2656
     6      7495    323734055832    323734055832   1.14625   0.01287    203.638    0.5636
     7      5259   1958798359968   1958798359968   1.13618   0.02068    227.270    0.1289
     8      8057   1110934735038   1110934735038   1.09317   0.03528    214.247    0.4289
     9      7258   2327538602428   2327538602428   1.06078   0.05416    234.400    0.3279
    10      7031   3335586326576   3335586326576   0.93727   0.01918    266.726    1.1778
    11       534   1976402889294   1976402889294   0.93094   0.05546    214.174   -1.3163
    12      4675   3759355793408   3759355793408   0.92925   0.06322    184.462   -0.0265
    13       643    658551985880    658551985880   0.90623   0.06729    194.409   -2.0811
    14      4048   3509449680284   3509449680284   0.88940   0.08828    178.173   -2.5218
    15      8555    369890539106    369890539106   0.88573   0.03751    167.357    0.0526
    16      1969   2678304923762   2678304923762   0.87669   0.07556    709.642   -2.4427
    17      3723   1136401597090   1136401597090   0.85985   0.03908    171.942   -2.0898
    18      7906    570510856100    570510856100   0.84727   0.00434    205.895   -0.6639
    19      6667   2654896222860   2654896222860   0.84444   0.07529    151.069   -0.4377
    20      3804   2090779842396   2090779842396   0.83675   0.02132    307.817   -1.5584
    21      4513   2768030028440   2768030028440   0.83594   0.03433    203.302   -1.0741
    22      8022   1409134622598   1409134622598   0.81793   0.07798    327.990   -0.5663
    23      3035   1494869874368   1494869874368   0.80209   0.01096    202.993    1.2573
    24      3757   2157743171500   2157743171500   0.80193   0.00337    222.603   -0.4337
    25      7044   3930596000340   3930596000340   0.79452   0.07353    170.041    0.3946
    26      8740   2365058165808   2365058165808   0.79391   0.13385    366.950   -2.9288
    27      2736   1762468496898   1762468496898   0.78011   0.04372    256.155   -0.4837
    28      6793   3420092357308   3420092357308   0.77103   0.02770    198.806    0.8556
    29      9017   3795822417026   3795822417026   0.76830   0.04602    156.511    0.0833
    30      7232   2515834510860   2515834510860   0.76428   0.11228    230.574   -2.4428

# ── R1_andR4  (group size: 3,093; showing 30 extreme) ─────────────────
# R1 AND R4: DM-relaxed + TPI cool-core; sorted by highest TPI
# rank   row_idx      unique_tag         fof_tag   delta_1   delta_2     K_core       TPI
     1      3799   2440687158262   2440687158262   0.01029   0.05677     99.989   17.0942
     2      3244    370454222636    370454222636   0.02138   0.02004    168.150   10.5751
     3      8124    425347569102    425347569102   0.01696   0.04208    194.684   10.4533
     4      2144   3761991185136   3761991185136   0.06638   0.05122     65.247    9.7400
     5      6369   2489115425762   2489115425762   0.04986   0.04320     76.328    9.0981
     6      6263   2503649320454   2503649320454   0.04386   0.04726     78.343    9.0960
     7       657    160404307062    160404307062   0.02454   0.03982     93.214    8.8033
     8      5213   1558769449044   1558769449044   0.05707   0.01690    449.276    8.0974
     9      7948    513715019072    513715019072   0.04511   0.01249     87.467    7.6767
    10      8018   1284039704436   1284039704436   0.02888   0.02210    283.927    7.4410
    11      4120   2911002167414   2911002167414   0.03029   0.04114    134.541    7.4249
    12      4929   3499327979624   3499327979624   0.03321   0.06109     64.362    6.9539
    13      6276   2617654476112   2617654476112   0.05206   0.03331     86.077    6.8962
    14      3943   3299234148616   3299234148616   0.01900   0.05733    113.585    6.7086
    15      1189   1374640330498   1374640330498   0.05614   0.03157    100.086    6.7080
    16      7399   3028596376062   3028596376062   0.03164   0.04340     71.984    6.7070
    17      5928   3997982137096   3997982137096   0.02696   0.01331    374.409    6.5164
    18      5557   1745831900138   1745831900138   0.02228   0.01963     20.044    6.0239
    19      3078   1586253318014   1586253318014   0.05066   0.02764     89.091    6.0132
    20         1    123835673828    123835673828   0.03895   0.06038     77.523    6.0010
    21      6679   2159922685504   2159922685504   0.06290   0.10639     89.784    5.9973
    22      6916   2251901504944   2251901504944   0.03516   0.05022     65.106    5.8941
    23      4739   2653482214998   2653482214998   0.05670   0.01803    121.413    5.8855
    24      9884   3131680980394   3131680980394   0.06560   0.05162    185.358    5.8432
    25      8176    697811202984    697811202984   0.03236   0.02762    116.490    5.7895
    26      7562    266589658074    266589658074   0.01344   0.02458     86.428    5.5965
    27      7553    231961908460    231961908460   0.02158   0.02545    114.997    5.5090
    28      9630   3990143175912   3990143175912   0.06397   0.04474    169.499    5.5072
    29      7078   3576598219084   3576598219084   0.04551   0.05234    141.555    5.4438
    30      2141   3894722480674   3894722480674   0.04349   0.00679     50.413    5.4232

# ── R1_notR4  (group size: 1,547; showing 30 extreme) ─────────────────
# R1 AND NOT R4: DM-relaxed + TPI non-CC; sorted by lowest TPI
# rank   row_idx      unique_tag         fof_tag   delta_1   delta_2     K_core       TPI
     1      6101   1719484725046   1719484725046   0.03121   0.02216     69.862   -9.3425
     2      2739   1826923823218   1826923823218   0.04755   0.02874    236.040   -6.6401
     3      6872   2432871220870   2432871220870   0.05043   0.01476    207.313   -5.1363
     4       635    465816892748    465816892748   0.02993   0.03684    162.443   -4.9179
     5      8682   1788202304218   1788202304218   0.04970   0.06276    177.022   -4.9077
     6      4465   2831494438434   2831494438434   0.05528   0.10611    280.914   -4.6075
     7      5257   1588559001922   1588559001922   0.03694   0.04214    288.091   -4.5678
     8      8373   1047996028162   1047996028162   0.03437   0.05886    202.022   -4.4581
     9      5025    800824589012    800824589012   0.01073   0.05053    145.986   -4.4224
    10      6792   3267050363294   3267050363294   0.06102   0.07015    307.986   -4.3805
    11      7736   1649676436604   1649676436604   0.01893   0.03486    319.441   -4.2972
    12      1888   2332535797684   2332535797684   0.05581   0.05341    480.433   -4.2743
    13      6406   3150472187400   3150472187400   0.04241   0.02817    127.014   -4.2404
    14      1050    423392518786    423392518786   0.03362   0.07231    305.427   -4.0740
    15      7574    881925904028    881925904028   0.03721   0.01543    194.577   -3.9969
    16      4533   3050286758368   3050286758368   0.04888   0.09618    159.882   -3.8956
    17      9397   2166967348248   2166967348248   0.01738   0.01426    925.804   -3.8903
    18      7235   2827652404940   2827652404940   0.05215   0.07616    313.582   -3.8569
    19      1138   1177183155062   1177183155062   0.04055   0.08562    140.168   -3.8343
    20      2675   1323933030596   1323933030596   0.01770   0.03727    266.611   -3.8306
    21      8841   2909594840954   2909594840954   0.05441   0.11303     88.472   -3.7134
    22       474   1241600701056   1241600701056   0.04642   0.02658    136.021   -3.6667
    23      2405   3926255036520   3926255036520   0.03210   0.08232    384.675   -3.6476
    24      9148   2515321788026   2515321788026   0.04987   0.10144    329.362   -3.6341
    25      3464    505470931732    505470931732   0.06522   0.03788    290.779   -3.5789
    26      1292   2733233910662   2733233910662   0.05344   0.09946    400.201   -3.5154
    27      1401   2657074798484   2657074798484   0.05880   0.04520    270.340   -3.4893
    28      9037   3980976921860   3980976921860   0.03533   0.04833    301.388   -3.4723
    29      3429   1784367432210   1784367432210   0.05207   0.03945    136.096   -3.4561
    30      1385   2102992397048   2102992397048   0.06225   0.14105    257.499   -3.4505

# ── notR1_andR4  (group size: 2,251; showing 30 extreme) ─────────────────
# NOT R1 AND R4: DM-disturbed + TPI cool-core; sorted by highest TPI
# rank   row_idx      unique_tag         fof_tag   delta_1   delta_2     K_core       TPI
     1      7776   1139810558314   1139810558314   0.12082   0.10226     30.102   30.8990
     2      6986   2075691665486   2075691665486   0.09798   0.05422     85.061   21.3347
     3      8827   2302835566432   2302835566432   0.28598   0.04960   1087.556   14.1757
     4      7564     13818615030     13818615030   0.14989   0.03513     72.696   13.7663
     5      8468    763259283682    763259283682   0.27419   0.04700    213.572   13.2502
     6      1030    367160382822    367160382822   0.08856   0.04327    179.138   12.8944
     7      7938    386718915752    386718915752   0.11002   0.07323    230.381   12.5970
     8      1967   2884039361546   2884039361546   0.12999   0.02997     81.945   11.2423
     9       512   1027305117774   1027305117774   0.08380   0.04324    166.445   10.8667
    10      4263   3281236963680   3281236963680   0.08772   0.04472     67.047    9.8673
    11      1161   1849357851018   1849357851018   0.14643   0.02749    123.306    9.3818
    12      2706   1918331934154   1918331934154   0.18003   0.01159     35.204    8.8588
    13      6926   2325903976690   2325903976690   0.22719   0.01830    102.827    8.6620
    14        74    632885704194    632885704194   0.16408   0.04168    143.774    8.2291
    15      1291   2682112233026   2682112233026   0.15905   0.05454    513.027    8.0662
    16      4275   3591751213202   3591751213202   0.34539   0.03754     85.261    7.8430
    17      1143   1326096507394   1326096507394   0.09609   0.05013   1679.166    7.8119
    18      4343   3043401511324   3043401511324   0.30668   0.03452    104.718    7.5179
    19      4405   2941696783638   2941696783638   0.43172   0.04156    139.208    7.3049
    20      8501    688345832478    688345832478   0.08999   0.10072     89.160    7.2351
    21      3432    200278166268    200278166268   0.27294   0.06699   1114.994    7.0668
    22      5697    784023830262    784023830262   0.36378   0.04123    150.913    6.7128
    23      1419   3222842239608   3222842239608   0.15427   0.04254    130.189    6.6932
    24      7500    967328447758    967328447758   0.07063   0.02164    149.470    6.6734
    25      9058   2094322421530   2094322421530   0.15052   0.06743     85.111    6.3772
    26      3752   2338375864572   2338375864572   0.09272   0.03024    120.827    6.3064
    27      6887   2303631938664   2303631938664   0.09221   0.02380    281.184    5.9423
    28      8193    477405933890    477405933890   0.12945   0.07945    207.095    5.9380
    29      3406   1447165754072   1447165754072   1.41830   0.03506     85.908    5.7649
    30       827   1007244611780   1007244611780   0.07588   0.06122     34.568    5.6314

# ── notR1_notR4  (group size: 3,094; showing 30 extreme) ─────────────────
# NOT R1 AND NOT R4: DM-disturbed + TPI non-CC; sorted by largest delta_1
# rank   row_idx      unique_tag         fof_tag   delta_1   delta_2     K_core       TPI
     1      2464   3276009233650   3276009233650   1.47181   0.06292    164.982   -0.6653
     2      1017    406826138620    406826138620   1.22956   0.07214    162.205   -1.3333
     3      3562    483898552104    483898552104   1.18113   0.06335    149.406   -0.2078
     4       233   1625772634888   1625772634888   1.16589   0.03299    202.403   -1.2656
     5      8795   2368606251746   2368606251746   1.04416   0.05509     95.003   -0.9220
     6      8014   1474528671770   1474528671770   0.97419   0.08842    104.761   -0.8056
     7       534   1976402889294   1976402889294   0.93094   0.05546    214.174   -1.3163
     8      4675   3759355793408   3759355793408   0.92925   0.06322    184.462   -0.0265
     9       643    658551985880    658551985880   0.90623   0.06729    194.409   -2.0811
    10      4048   3509449680284   3509449680284   0.88940   0.08828    178.173   -2.5218
    11      5986    682154317784    682154317784   0.88689   0.06586    100.965   -0.1837
    12      1969   2678304923762   2678304923762   0.87669   0.07556    709.642   -2.4427
    13      3723   1136401597090   1136401597090   0.85985   0.03908    171.942   -2.0898
    14      1986   2228425577402   2228425577402   0.85369   0.02680    116.091   -1.4928
    15      5405     16937416848     16937416848   0.84782   0.03512    142.362   -0.0042
    16      7906    570510856100    570510856100   0.84727   0.00434    205.895   -0.6639
    17      6667   2654896222860   2654896222860   0.84444   0.07529    151.069   -0.4377
    18      3804   2090779842396   2090779842396   0.83675   0.02132    307.817   -1.5584
    19      4513   2768030028440   2768030028440   0.83594   0.03433    203.302   -1.0741
    20      8022   1409134622598   1409134622598   0.81793   0.07798    327.990   -0.5663
    21      3757   2157743171500   2157743171500   0.80193   0.00337    222.603   -0.4337
    22      8740   2365058165808   2365058165808   0.79391   0.13385    366.950   -2.9288
    23      3246     82445944890     82445944890   0.78931   0.06675    124.809   -0.1550
    24      2736   1762468496898   1762468496898   0.78011   0.04372    256.155   -0.4837
    25      2619    223099157740    223099157740   0.77118   0.03817    136.387   -0.2951
    26      6043    290333508494    290333508494   0.76577   0.04266    148.574   -0.4918
    27      7232   2515834510860   2515834510860   0.76428   0.11228    230.574   -2.4428
    28      9556   3986953408210   3986953408210   0.75867   0.05329    185.049   -1.6878
    29      8828   2541596869666   2541596869666   0.75228   0.06024    128.022   -1.4438
    30      4656   3714258501846   3714258501846   0.75223   0.08803    200.591   -0.9703

# ── R2_andR3  (group size: 4,271; showing 30 extreme) ─────────────────
# R2 AND R3: gas-coherent + cool-core (K); sorted by smallest K_core
# rank   row_idx      unique_tag         fof_tag   delta_1   delta_2     K_core       TPI
     1      4687   2460415866554   2460415866554   0.03305   0.03767     18.563    5.0742
     2      7153   3479448242070   3479448242070   0.03746   0.05161     18.889    3.4894
     3      5557   1745831900138   1745831900138   0.02228   0.01963     20.044    6.0239
     4      6766   3711961374390   3711961374390   0.07892   0.05875     22.857    4.8332
     5       753     73083312422     73083312422   0.13054   0.02674     22.902    4.5298
     6       461   1098082441320   1098082441320   0.27822   0.02037     24.716    4.4542
     7      2476   3095654549152   3095654549152   0.04399   0.00603     25.105    3.5853
     8      5669     54984151246     54984151246   0.10530   0.02367     26.462    4.6381
     9      9779   2312134472674   2312134472674   0.02968   0.03121     27.018    3.0196
    10      3675   1479249385762   1479249385762   0.53786   0.01712     27.553    3.9737
    11      4346   3214247078500   3214247078500   0.05728   0.04186     27.634    4.2670
    12      9036   3846354363344   3846354363344   0.02248   0.01352     27.983    4.8539
    13      5925   1831518964418   1831518964418   0.03857   0.02209     28.084    3.7570
    14      7463   3305216954866   3305216954866   0.01775   0.00841     28.301    4.6313
    15       836   1466990212812   1466990212812   0.02225   0.01603     28.303    5.0978
    16      9964   3863859374356   3863859374356   0.05423   0.03920     28.389    3.9129
    17       511   1052082513424   1052082513424   0.02137   0.01332     28.938    3.2334
    18      3065   1489725447410   1489725447410   0.06162   0.01359     29.037    3.5743
    19      4224   3465969119150   3465969119150   0.01051   0.02061     29.059    3.2943
    20      9174   2212466020590   2212466020590   0.06031   0.03805     29.093    4.1841
    21      1944   2055332446874   2055332446874   0.03225   0.01306     30.376    3.7916
    22      5073    724642871514    724642871514   0.16764   0.02114     31.328    3.4205
    23      5301   1681015460350   1681015460350   0.10106   0.01544     31.622    3.4952
    24      8315   1589373420440   1589373420440   0.02808   0.01461     32.193    3.8095
    25      1455   3937605464178   3937605464178   0.07536   0.00979     32.249    3.0921
    26      8138    741597337774    741597337774   0.03493   0.01805     32.621    4.7050
    27      6225   1579502078476   1579502078476   0.02262   0.04562     32.719    3.1321
    28      2923    796616786580    796616786580   0.02684   0.02330     32.834    3.8441
    29      6782   3211487361212   3211487361212   0.14078   0.05155     33.040    2.2955
    30      7105   3427664130838   3427664130838   0.00336   0.02760     33.350    3.1398

# ── R2_notR3  (group size: 3,966; showing 30 extreme) ─────────────────
# R2 AND NOT R3: gas-coherent + non-CC (K); sorted by largest K_core
# rank   row_idx      unique_tag         fof_tag   delta_1   delta_2     K_core       TPI
     1      9170   2256273700578   2256273700578   0.04033   0.03207  14947.758    1.4660
     2       680    439198258862    439198258862   0.11000   0.04965  12489.795   -0.3601
     3      7383   3893872368326   3893872368326   0.00546   0.05905   7502.251   -0.4533
     4      8319   1827202856594   1827202856594   0.05608   0.04884   7466.273    1.4486
     5       211   1025325229616   1025325229616   0.06596   0.05033   4836.527   -1.3082
     6      5528   1707452248812   1707452248812   0.20192   0.04954   4690.412   -1.5271
     7      5121    938610256280    938610256280   0.05816   0.02965   4583.049   -2.5769
     8      5762    845603058018    845603058018   0.04537   0.02330   4550.075    3.2366
     9      4680   2150819074378   2150819074378   0.10027   0.06637   4314.443   -1.3193
    10      2302   2815866962594   2815866962594   0.08947   0.02556   4223.056    1.4908
    11      1752   3918598011648   3918598011648   0.05974   0.04176   4084.690    2.8937
    12      8384   1675413304858   1675413304858   0.06958   0.03642   3793.557   -2.9050
    13      4105   2221649011684   2221649011684   0.10120   0.03344   3491.871   -0.0419
    14      9060   2286092606616   2286092606616   0.07682   0.05785   3248.527    0.5454
    15      6562   2066505729292   2066505729292   0.06226   0.06510   3234.120   -2.6805
    16      4858   3578704272664   3578704272664   0.00873   0.02692   3171.247    3.8857
    17      5495   1144792216586   1144792216586   0.04033   0.02741   3166.208   -0.9756
    18      6914   2439567112942   2439567112942   0.10094   0.05326   3078.448   -1.2000
    19      8366   1097858762876   1097858762876   0.04298   0.02376   2917.959   -0.3815
    20      7691    995945494332    995945494332   0.08609   0.05743   2873.665   -0.5696
    21      9064   2667410916068   2667410916068   0.16116   0.03523   2866.717   -5.6308
    22      4029   3225575838888   3225575838888   0.06052   0.03766   2836.013    2.7309
    23      9567   3183689522150   3183689522150   0.08668   0.02866   2815.408    3.5567
    24      3945   3439902211520   3439902211520   0.06771   0.02917   2678.551    0.1678
    25      2220   2931447591428   2931447591428   0.10556   0.05818   2582.049    0.6698
    26      2430   3084174913932   3084174913932   0.11069   0.05682   2546.714   -1.1673
    27      1450   3866781896838   3866781896838   0.39537   0.05875   2537.056   -4.2439
    28      9027   3173827878158   3173827878158   0.06507   0.05118   2354.672   -2.1591
    29      9487   2865186851624   2865186851624   0.08807   0.03957   2354.612   -1.4467
    30      4764   2721446792376   2721446792376   0.05418   0.02856   2112.735    4.9653

# ── notR2_andR3  (group size: 726; showing 30 extreme) ─────────────────
# NOT R2 AND R3: gas-displaced + cool-core (K); sorted by smallest K_core
# rank   row_idx      unique_tag         fof_tag   delta_1   delta_2     K_core       TPI
     1      8419   1798643472390   1798643472390   0.15637   0.07057     10.740    3.8230
     2      7776   1139810558314   1139810558314   0.12082   0.10226     30.102   30.8990
     3      6049    613287231408    613287231408   0.07333   0.11009     34.617   -2.5728
     4      3207    398021236162    398021236162   0.10089   0.08474     43.069    1.1027
     5      6052    966679002604    966679002604   0.30192   0.14003     43.118    2.7890
     6      7009   2866618815178   2866618815178   0.04373   0.07838     43.129    1.4172
     7      2473   3451260291752   3451260291752   0.21520   0.12444     44.116   -0.4582
     8      9260   3410163429030   3410163429030   0.07135   0.07931     44.594    0.8779
     9      4910   3968040165712   3968040165712   0.21285   0.10178     44.953   -0.0728
    10      3503     66605550436     66605550436   0.17462   0.07108     46.305    0.4795
    11      5243   1156126372728   1156126372728   0.14232   0.08446     47.017    2.8260
    12      4760   2502661552278   2502661552278   0.34484   0.08185     47.089   -2.4049
    13      6486   3408298153560   3408298153560   0.09180   0.09673     49.029    0.1555
    14      4620   3691033527306   3691033527306   0.26221   0.16071     49.312   -0.4691
    15      7812     77088301252     77088301252   0.05562   0.15260     49.556    1.5565
    16      9008   3761857729434   3761857729434   0.13865   0.12381     49.582   -0.9869
    17      6596   2330733321310   2330733321310   0.82629   0.08908     50.047    1.2504
    18      8460    815350278372    815350278372   0.31191   0.07107     50.182    2.1742
    19      1160   1923671919398   1923671919398   0.32826   0.10478     50.275   -1.1614
    20       550   1459430434998   1459430434998   0.40507   0.11779     51.211    2.7496
    21      5465   1196828403710   1196828403710   0.23008   0.09324     51.222    1.2376
    22      2763   1931348012220   1931348012220   0.23698   0.16506     51.241    0.5767
    23      2859    447047194582    447047194582   0.18952   0.07431     51.467    1.5173
    24       738    169613498838    169613498838   0.25925   0.19767     52.044   -1.2220
    25      1320   2731995027156   2731995027156   0.17092   0.07117     52.132    2.9998
    26      1485   3839203420064   3839203420064   0.24998   0.10535     52.190    0.6583
    27      5109    371219228022    371219228022   0.16824   0.19366     52.329   -0.5236
    28      5698    990096705206    990096705206   0.18664   0.13311     53.611    2.6399
    29      7520    198022671004    198022671004   0.26991   0.11535     54.705   -0.7204
    30      1034    568442080898    568442080898   0.24996   0.15885     55.023   -0.9780

# ── notR2_notR3  (group size: 1,022; showing 30 extreme) ─────────────────
# NOT R2 AND NOT R3: gas-displaced + non-CC (K); sorted by largest delta_2
# rank   row_idx      unique_tag         fof_tag   delta_1   delta_2     K_core       TPI
     1      5512   1830630173556   1830630173556   0.36274   0.31662    170.397   -3.6328
     2       941    492882069908    492882069908   0.61987   0.26508    365.889   -5.1485
     3      1500   3392414101224   3392414101224   0.39833   0.23436    167.249   -1.8536
     4       953     14716077308     14716077308   0.18014   0.20589    344.428    1.5801
     5      3814   2740434077594   2740434077594   0.31603   0.19942    231.968   -3.4908
     6      1040    588446673180    588446673180   0.16937   0.19174    363.817   -4.1032
     7      3866   2883576079342   2883576079342   0.08658   0.18920    293.545   -3.9760
     8      3577   1056007266512   1056007266512   0.08483   0.18800    242.310   -1.9655
     9      8244    168826717106    168826717106   0.32431   0.18757    287.243   -1.5312
    10      9178   2261676933382   2261676933382   0.17185   0.18655    349.272   -3.1879
    11      5276   1269830108412   1269830108412   0.14766   0.18581    268.662   -4.3509
    12      9894   3383789594114   3383789594114   0.13331   0.18134    276.907   -2.2683
    13      7380   3410317029930   3410317029930   0.09251   0.18114    192.683   -1.5336
    14      3127    126568392766    126568392766   0.07359   0.17922    468.138   -4.1321
    15      2134   3743892946568   3743892946568   0.24464   0.17792    172.227   -1.8758
    16      3283   1004813090988   1004813090988   0.24355   0.17761    226.520   -2.5840
    17      4021   3212242441536   3212242441536   0.12327   0.17754    164.407   -2.1358
    18      1870   3784978492094   3784978492094   0.10099   0.17635    167.838   -2.4202
    19      3528    680700293226    680700293226   0.28244   0.17337    208.178   -4.1199
    20      8947   3299561990034   3299561990034   0.09069   0.17326    257.034   -2.0127
    21       394    127736737354    127736737354   0.11964   0.17116    293.850   -6.5137
    22      2121   3433982919632   3433982919632   0.24593   0.17062    180.939   -0.9234
    23      9874   3855267683318   3855267683318   0.21077   0.16943   1040.942   -3.8799
    24      2502    288808002568    288808002568   0.20782   0.16897    233.622   -1.9526
    25       872   1207247716042   1207247716042   0.38131   0.16825    488.047   -2.8378
    26        98    586174456736    586174456736   0.04088   0.16804    318.995   -1.0154
    27      3019   1169080946722   1169080946722   0.11137   0.16668    160.851   -0.8277
    28      2577    398975601848    398975601848   0.24854   0.16606    167.468   -1.7108
    29       575   1773454842554   1773454842554   0.09539   0.16363    204.622   -2.0818
    30      4626   3871053282396   3871053282396   0.15374   0.16340    322.629   -3.7077

# ── R2_andR4  (group size: 4,801; showing 30 extreme) ─────────────────
# R2 AND R4: gas-coherent + TPI cool-core; sorted by highest TPI
# rank   row_idx      unique_tag         fof_tag   delta_1   delta_2     K_core       TPI
     1      6986   2075691665486   2075691665486   0.09798   0.05422     85.061   21.3347
     2      3799   2440687158262   2440687158262   0.01029   0.05677     99.989   17.0942
     3      8827   2302835566432   2302835566432   0.28598   0.04960   1087.556   14.1757
     4      7564     13818615030     13818615030   0.14989   0.03513     72.696   13.7663
     5      8468    763259283682    763259283682   0.27419   0.04700    213.572   13.2502
     6      1030    367160382822    367160382822   0.08856   0.04327    179.138   12.8944
     7      1967   2884039361546   2884039361546   0.12999   0.02997     81.945   11.2423
     8       512   1027305117774   1027305117774   0.08380   0.04324    166.445   10.8667
     9      3244    370454222636    370454222636   0.02138   0.02004    168.150   10.5751
    10      8124    425347569102    425347569102   0.01696   0.04208    194.684   10.4533
    11      4263   3281236963680   3281236963680   0.08772   0.04472     67.047    9.8673
    12      2144   3761991185136   3761991185136   0.06638   0.05122     65.247    9.7400
    13      1161   1849357851018   1849357851018   0.14643   0.02749    123.306    9.3818
    14      6369   2489115425762   2489115425762   0.04986   0.04320     76.328    9.0981
    15      6263   2503649320454   2503649320454   0.04386   0.04726     78.343    9.0960
    16      2706   1918331934154   1918331934154   0.18003   0.01159     35.204    8.8588
    17       657    160404307062    160404307062   0.02454   0.03982     93.214    8.8033
    18      6926   2325903976690   2325903976690   0.22719   0.01830    102.827    8.6620
    19        74    632885704194    632885704194   0.16408   0.04168    143.774    8.2291
    20      5213   1558769449044   1558769449044   0.05707   0.01690    449.276    8.0974
    21      1291   2682112233026   2682112233026   0.15905   0.05454    513.027    8.0662
    22      4275   3591751213202   3591751213202   0.34539   0.03754     85.261    7.8430
    23      1143   1326096507394   1326096507394   0.09609   0.05013   1679.166    7.8119
    24      7948    513715019072    513715019072   0.04511   0.01249     87.467    7.6767
    25      4343   3043401511324   3043401511324   0.30668   0.03452    104.718    7.5179
    26      8018   1284039704436   1284039704436   0.02888   0.02210    283.927    7.4410
    27      4120   2911002167414   2911002167414   0.03029   0.04114    134.541    7.4249
    28      4405   2941696783638   2941696783638   0.43172   0.04156    139.208    7.3049
    29      3432    200278166268    200278166268   0.27294   0.06699   1114.994    7.0668
    30      4929   3499327979624   3499327979624   0.03321   0.06109     64.362    6.9539

# ── R2_notR4  (group size: 3,436; showing 30 extreme) ─────────────────
# R2 AND NOT R4: gas-coherent + TPI non-CC; sorted by lowest TPI
# rank   row_idx      unique_tag         fof_tag   delta_1   delta_2     K_core       TPI
     1      6101   1719484725046   1719484725046   0.03121   0.02216     69.862   -9.3425
     2      8785   2051082899130   2051082899130   0.09350   0.04120    166.663   -8.2569
     3      9273   3830849758688   3830849758688   0.30381   0.02957    230.518   -8.0376
     4      2739   1826923823218   1826923823218   0.04755   0.02874    236.040   -6.6401
     5      9055   2220349688290   2220349688290   0.22359   0.06371    281.777   -6.2621
     6      1897   2675434264142   2675434264142   0.12522   0.05126    269.290   -5.8297
     7      9064   2667410916068   2667410916068   0.16116   0.03523   2866.717   -5.6308
     8      9581   3573267813030   3573267813030   0.11659   0.06583    175.135   -5.6030
     9      9461   2976600437404   2976600437404   0.15132   0.02753    167.581   -5.4301
    10      4197   2529978019728   2529978019728   0.13047   0.06757    238.519   -5.3585
    11      8604   1527202500612   1527202500612   0.08408   0.04619     87.549   -5.1443
    12      6872   2432871220870   2432871220870   0.05043   0.01476    207.313   -5.1363
    13      8674   1129688026738   1129688026738   0.19766   0.05611    328.090   -5.1287
    14      2389   3224237367988   3224237367988   0.20277   0.06694    116.263   -5.1031
    15       635    465816892748    465816892748   0.02993   0.03684    162.443   -4.9179
    16      8682   1788202304218   1788202304218   0.04970   0.06276    177.022   -4.9077
    17      3237   1004818310116   1004818310116   0.24997   0.05190    320.223   -4.8980
    18      7717   1209293685062   1209293685062   0.18414   0.04555    184.844   -4.8951
    19      8221    659679474098    659679474098   0.15746   0.06254    335.180   -4.8382
    20      7664   1875443207702   1875443207702   0.18689   0.03281    476.564   -4.8347
    21      4758   2507117415768   2507117415768   0.22504   0.04120    271.852   -4.7497
    22      1606   2386923664028   2386923664028   0.11907   0.02016    444.715   -4.7024
    23      6861   3784040031592   3784040031592   0.22712   0.05093    352.756   -4.6556
    24      5660    626484520614    626484520614   0.14681   0.02502    353.284   -4.5906
    25      5257   1588559001922   1588559001922   0.03694   0.04214    288.091   -4.5678
    26      3646   1904445881558   1904445881558   0.12894   0.04764    692.211   -4.5425
    27      3761   2190733046898   2190733046898   0.19868   0.04693   1158.676   -4.4963
    28      8373   1047996028162   1047996028162   0.03437   0.05886    202.022   -4.4581
    29      5025    800824589012    800824589012   0.01073   0.05053    145.986   -4.4224
    30      6360   2178243638806   2178243638806   0.13739   0.01749    361.530   -4.4161

# ── notR2_andR4  (group size: 543; showing 30 extreme) ─────────────────
# NOT R2 AND R4: gas-displaced + TPI cool-core; sorted by highest TPI
# rank   row_idx      unique_tag         fof_tag   delta_1   delta_2     K_core       TPI
     1      7776   1139810558314   1139810558314   0.12082   0.10226     30.102   30.8990
     2      7938    386718915752    386718915752   0.11002   0.07323    230.381   12.5970
     3      8501    688345832478    688345832478   0.08999   0.10072     89.160    7.2351
     4      6679   2159922685504   2159922685504   0.06290   0.10639     89.784    5.9973
     5      8193    477405933890    477405933890   0.12945   0.07945    207.095    5.9380
     6      8662   1002369409850   1002369409850   0.16779   0.12527    174.620    4.8879
     7      1120   1793768993478   1793768993478   0.09451   0.07701     76.497    4.8353
     8      3750   2435856141836   2435856141836   0.24108   0.14998    265.194    4.5893
     9      4835   2850049980900   2850049980900   0.05733   0.10209    129.937    4.5832
    10      8963   3859681103788   3859681103788   0.18273   0.09145    219.309    4.5338
    11      7185   2025873254700   2025873254700   0.01741   0.07032    113.945    4.3334
    12      7252   2467243419770   2467243419770   0.06790   0.07213    697.653    4.1301
    13      5790   1074191701858   1074191701858   0.05094   0.07881    132.236    3.9841
    14      5648    576624807340    576624807340   0.06519   0.09692    181.320    3.9044
    15      8419   1798643472390   1798643472390   0.15637   0.07057     10.740    3.8230
    16      8896   3252539115756   3252539115756   0.16228   0.10581    634.058    3.7277
    17      2184   2095716225268   2095716225268   0.02358   0.13131    154.958    3.6884
    18      8410   1673222566902   1673222566902   0.05971   0.09824    214.343    3.4412
    19      7465   3412220892676   3412220892676   0.52888   0.07091    270.321    3.4334
    20      8179    492680660092    492680660092   0.15372   0.07463    155.551    3.3573
    21      1931   2546577413414   2546577413414   0.04273   0.07423    455.768    3.3373
    22      4990   3921673202696   3921673202696   0.13636   0.07310    108.738    3.2445
    23      4496   2041239601266   2041239601266   0.28939   0.08260   1048.742    3.1951
    24      9941   3440278899462   3440278899462   0.07754   0.14020     90.977    3.1755
    25      9889   3408877931824   3408877931824   0.05985   0.07561    385.455    3.1530
    26      4828   2600470262360   2600470262360   0.07476   0.08345    218.065    3.1172
    27      9526   3237926298470   3237926298470   0.11078   0.07195    173.535    3.1060
    28      5846   1816901045018   1816901045018   0.12252   0.11864    186.877    3.1010
    29      9296   3055437622582   3055437622582   0.03166   0.11162     93.607    3.0722
    30      2118   3195213599406   3195213599406   0.00989   0.10267    164.094    3.0633

# ── notR2_notR4  (group size: 1,205; showing 30 extreme) ─────────────────
# NOT R2 AND NOT R4: gas-displaced + TPI non-CC; sorted by largest delta_2
# rank   row_idx      unique_tag         fof_tag   delta_1   delta_2     K_core       TPI
     1      5512   1830630173556   1830630173556   0.36274   0.31662    170.397   -3.6328
     2       941    492882069908    492882069908   0.61987   0.26508    365.889   -5.1485
     3      7835    537170245042    537170245042   0.18319   0.25075     75.845   -1.4487
     4      1500   3392414101224   3392414101224   0.39833   0.23436    167.249   -1.8536
     5      3110   1550126369846   1550126369846   0.22118   0.20719     97.997   -2.1695
     6      8733   1887641330074   1887641330074   0.19078   0.20624    114.343   -0.2143
     7      3814   2740434077594   2740434077594   0.31603   0.19942    231.968   -3.4908
     8      1518   3067952532880   3067952532880   0.17316   0.19884    119.501   -0.6791
     9       738    169613498838    169613498838   0.25925   0.19767     52.044   -1.2220
    10      5109    371219228022    371219228022   0.16824   0.19366     52.329   -0.5236
    11      1040    588446673180    588446673180   0.16937   0.19174    363.817   -4.1032
    12      9160   2668697960290   2668697960290   0.14702   0.19129    144.414   -1.1808
    13      3866   2883576079342   2883576079342   0.08658   0.18920    293.545   -3.9760
    14      3577   1056007266512   1056007266512   0.08483   0.18800    242.310   -1.9655
    15      8244    168826717106    168826717106   0.32431   0.18757    287.243   -1.5312
    16      9178   2261676933382   2261676933382   0.17185   0.18655    349.272   -3.1879
    17      5276   1269830108412   1269830108412   0.14766   0.18581    268.662   -4.3509
    18      2035   3084393169956   3084393169956   0.11584   0.18453    138.114   -1.6633
    19      4735   2695713734972   2695713734972   0.19069   0.18451    146.402   -0.2093
    20      7930    305435507960    305435507960   0.27963   0.18381     78.529   -1.7433
    21      9894   3383789594114   3383789594114   0.13331   0.18134    276.907   -2.2683
    22      7380   3410317029930   3410317029930   0.09251   0.18114    192.683   -1.5336
    23      3127    126568392766    126568392766   0.07359   0.17922    468.138   -4.1321
    24      3375   1595713580640   1595713580640   0.15527   0.17807    134.320   -2.2043
    25      2134   3743892946568   3743892946568   0.24464   0.17792    172.227   -1.8758
    26      6815   3533783190968   3533783190968   0.18932   0.17768    129.513   -1.1265
    27      3283   1004813090988   1004813090988   0.24355   0.17761    226.520   -2.5840
    28      4021   3212242441536   3212242441536   0.12327   0.17754    164.407   -2.1358
    29      1870   3784978492094   3784978492094   0.10099   0.17635    167.838   -2.4202
    30      5549   1367345693504   1367345693504   0.22470   0.17512    110.428   -1.7005

# ── R3_andR4  (group size: 3,598; showing 30 extreme) ─────────────────
# R3 AND R4: cool-core by K AND TPI; sorted by highest TPI
# rank   row_idx      unique_tag         fof_tag   delta_1   delta_2     K_core       TPI
     1      7776   1139810558314   1139810558314   0.12082   0.10226     30.102   30.8990
     2      6986   2075691665486   2075691665486   0.09798   0.05422     85.061   21.3347
     3      3799   2440687158262   2440687158262   0.01029   0.05677     99.989   17.0942
     4      7564     13818615030     13818615030   0.14989   0.03513     72.696   13.7663
     5      1967   2884039361546   2884039361546   0.12999   0.02997     81.945   11.2423
     6      4263   3281236963680   3281236963680   0.08772   0.04472     67.047    9.8673
     7      2144   3761991185136   3761991185136   0.06638   0.05122     65.247    9.7400
     8      1161   1849357851018   1849357851018   0.14643   0.02749    123.306    9.3818
     9      6369   2489115425762   2489115425762   0.04986   0.04320     76.328    9.0981
    10      6263   2503649320454   2503649320454   0.04386   0.04726     78.343    9.0960
    11      2706   1918331934154   1918331934154   0.18003   0.01159     35.204    8.8588
    12       657    160404307062    160404307062   0.02454   0.03982     93.214    8.8033
    13      6926   2325903976690   2325903976690   0.22719   0.01830    102.827    8.6620
    14        74    632885704194    632885704194   0.16408   0.04168    143.774    8.2291
    15      4275   3591751213202   3591751213202   0.34539   0.03754     85.261    7.8430
    16      7948    513715019072    513715019072   0.04511   0.01249     87.467    7.6767
    17      4343   3043401511324   3043401511324   0.30668   0.03452    104.718    7.5179
    18      4120   2911002167414   2911002167414   0.03029   0.04114    134.541    7.4249
    19      4405   2941696783638   2941696783638   0.43172   0.04156    139.208    7.3049
    20      8501    688345832478    688345832478   0.08999   0.10072     89.160    7.2351
    21      4929   3499327979624   3499327979624   0.03321   0.06109     64.362    6.9539
    22      6276   2617654476112   2617654476112   0.05206   0.03331     86.077    6.8962
    23      3943   3299234148616   3299234148616   0.01900   0.05733    113.585    6.7086
    24      1189   1374640330498   1374640330498   0.05614   0.03157    100.086    6.7080
    25      7399   3028596376062   3028596376062   0.03164   0.04340     71.984    6.7070
    26      1419   3222842239608   3222842239608   0.15427   0.04254    130.189    6.6932
    27      7500    967328447758    967328447758   0.07063   0.02164    149.470    6.6734
    28      9058   2094322421530   2094322421530   0.15052   0.06743     85.111    6.3772
    29      3752   2338375864572   2338375864572   0.09272   0.03024    120.827    6.3064
    30      5557   1745831900138   1745831900138   0.02228   0.01963     20.044    6.0239

# ── R3_notR4  (group size: 1,399; showing 30 extreme) ─────────────────
# R3 AND NOT R4: K cool-core but TPI non-CC; sorted by lowest TPI
# rank   row_idx      unique_tag         fof_tag   delta_1   delta_2     K_core       TPI
     1      6101   1719484725046   1719484725046   0.03121   0.02216     69.862   -9.3425
     2      8604   1527202500612   1527202500612   0.08408   0.04619     87.549   -5.1443
     3      2389   3224237367988   3224237367988   0.20277   0.06694    116.263   -5.1031
     4      4556   3469439389644   3469439389644   0.16172   0.13626    130.024   -4.6758
     5      5752    155316922944    155316922944   0.14417   0.09783     89.137   -4.5701
     6      5025    800824589012    800824589012   0.01073   0.05053    145.986   -4.4224
     7      6406   3150472187400   3150472187400   0.04241   0.02817    127.014   -4.2404
     8      1129   1809321956208   1809321956208   0.11704   0.06006     66.210   -4.2025
     9      1938   2523376757688   2523376757688   0.18625   0.05695    124.919   -4.1993
    10      6336   2289358605430   2289358605430   0.12781   0.10937    125.259   -4.0200
    11      2390   3436956590626   3436956590626   0.07074   0.05628    139.252   -3.9068
    12      1138   1177183155062   1177183155062   0.04055   0.08562    140.168   -3.8343
    13      4233   3704124665368   3704124665368   0.09441   0.03919    131.319   -3.8001
    14      9839   3049708279180   3049708279180   0.14357   0.04612    135.635   -3.7950
    15      9463   2936296792466   2936296792466   0.25727   0.08571    118.196   -3.7339
    16      8841   2909594840954   2909594840954   0.05441   0.11303     88.472   -3.7134
    17      9151   2868093286480   2868093286480   0.18037   0.05280    145.144   -3.6968
    18       474   1241600701056   1241600701056   0.04642   0.02658    136.021   -3.6667
    19      5527   1921447372318   1921447372318   0.43125   0.06000    148.306   -3.5992
    20      2234   2253575099886   2253575099886   0.13990   0.02692    110.805   -3.5843
    21      9827   3003736829582   3003736829582   0.16035   0.01940    124.763   -3.5380
    22      6641   2342761687702   2342761687702   0.13478   0.13577    114.626   -3.5305
    23      2919    848999194094    848999194094   0.08435   0.01872    145.420   -3.5287
    24      9829   2567441770776   2567441770776   0.15199   0.06780    113.686   -3.5035
    25      8395   1134092229452   1134092229452   0.07741   0.04537     87.567   -3.4954
    26      3429   1784367432210   1784367432210   0.05207   0.03945    136.096   -3.4561
    27      3358   1439821894700   1439821894700   0.02689   0.04162    118.575   -3.4275
    28      6799   3424244133970   3424244133970   0.35221   0.01719    137.838   -3.2822
    29       311   1946777319084   1946777319084   0.14292   0.13060    134.823   -3.2814
    30      8254     18636029204     18636029204   0.08729   0.07476    140.144   -3.2729

# ── notR3_andR4  (group size: 1,746; showing 30 extreme) ─────────────────
# NOT R3 AND R4: non-CC by K but TPI cool-core; sorted by highest TPI
# rank   row_idx      unique_tag         fof_tag   delta_1   delta_2     K_core       TPI
     1      8827   2302835566432   2302835566432   0.28598   0.04960   1087.556   14.1757
     2      8468    763259283682    763259283682   0.27419   0.04700    213.572   13.2502
     3      1030    367160382822    367160382822   0.08856   0.04327    179.138   12.8944
     4      7938    386718915752    386718915752   0.11002   0.07323    230.381   12.5970
     5       512   1027305117774   1027305117774   0.08380   0.04324    166.445   10.8667
     6      3244    370454222636    370454222636   0.02138   0.02004    168.150   10.5751
     7      8124    425347569102    425347569102   0.01696   0.04208    194.684   10.4533
     8      5213   1558769449044   1558769449044   0.05707   0.01690    449.276    8.0974
     9      1291   2682112233026   2682112233026   0.15905   0.05454    513.027    8.0662
    10      1143   1326096507394   1326096507394   0.09609   0.05013   1679.166    7.8119
    11      8018   1284039704436   1284039704436   0.02888   0.02210    283.927    7.4410
    12      3432    200278166268    200278166268   0.27294   0.06699   1114.994    7.0668
    13      5697    784023830262    784023830262   0.36378   0.04123    150.913    6.7128
    14      5928   3997982137096   3997982137096   0.02696   0.01331    374.409    6.5164
    15      6887   2303631938664   2303631938664   0.09221   0.02380    281.184    5.9423
    16      8193    477405933890    477405933890   0.12945   0.07945    207.095    5.9380
    17      9884   3131680980394   3131680980394   0.06560   0.05162    185.358    5.8432
    18      9630   3990143175912   3990143175912   0.06397   0.04474    169.499    5.5072
    19      1791   3712910695562   3712910695562   0.08300   0.01253    152.117    5.3789
    20      4103   2050223818516   2050223818516   0.05495   0.01740    179.682    5.2465
    21      8710   1250368710106   1250368710106   0.04705   0.05590   1693.247    5.1976
    22      4764   2721446792376   2721446792376   0.05418   0.02856   2112.735    4.9653
    23      8662   1002369409850   1002369409850   0.16779   0.12527    174.620    4.8879
    24      4631   3645644245594   3645644245594   0.07005   0.03856    154.530    4.8646
    25      4442   2198992531736   2198992531736   0.11176   0.03833    248.897    4.8036
    26      6539   3646796142868   3646796142868   0.09991   0.04517    324.422    4.7987
    27       921   1722918566320   1722918566320   0.11671   0.03472    174.499    4.7285
    28      9425   2683915008104   2683915008104   0.03421   0.06437    239.219    4.6811
    29      2227   2320902997714   2320902997714   0.01408   0.02010    165.140    4.6563
    30      5524   1953858602856   1953858602856   0.21848   0.03743    150.425    4.6545

# ── notR3_notR4  (group size: 3,242; showing 30 extreme) ─────────────────
# NOT R3 AND NOT R4: non-CC by K AND TPI; sorted by largest K_core
# rank   row_idx      unique_tag         fof_tag   delta_1   delta_2     K_core       TPI
     1       680    439198258862    439198258862   0.11000   0.04965  12489.795   -0.3601
     2      7383   3893872368326   3893872368326   0.00546   0.05905   7502.251   -0.4533
     3       211   1025325229616   1025325229616   0.06596   0.05033   4836.527   -1.3082
     4      5528   1707452248812   1707452248812   0.20192   0.04954   4690.412   -1.5271
     5      5121    938610256280    938610256280   0.05816   0.02965   4583.049   -2.5769
     6      4680   2150819074378   2150819074378   0.10027   0.06637   4314.443   -1.3193
     7      8384   1675413304858   1675413304858   0.06958   0.03642   3793.557   -2.9050
     8      9674   2156200597864   2156200597864   0.15886   0.09420   3552.808   -2.5804
     9      4105   2221649011684   2221649011684   0.10120   0.03344   3491.871   -0.0419
    10      2897    663224742464    663224742464   0.08400   0.08190   3413.545   -2.9020
    11      6562   2066505729292   2066505729292   0.06226   0.06510   3234.120   -2.6805
    12      5495   1144792216586   1144792216586   0.04033   0.02741   3166.208   -0.9756
    13      6914   2439567112942   2439567112942   0.10094   0.05326   3078.448   -1.2000
    14       816   1955294795612   1955294795612   0.08094   0.08199   2934.269   -2.8588
    15      8366   1097858762876   1097858762876   0.04298   0.02376   2917.959   -0.3815
    16      7691    995945494332    995945494332   0.08609   0.05743   2873.665   -0.5696
    17      9064   2667410916068   2667410916068   0.16116   0.03523   2866.717   -5.6308
    18      2430   3084174913932   3084174913932   0.11069   0.05682   2546.714   -1.1673
    19      1450   3866781896838   3866781896838   0.39537   0.05875   2537.056   -4.2439
    20      1016    924140406036    924140406036   0.18038   0.07220   2397.440   -2.9069
    21      9027   3173827878158   3173827878158   0.06507   0.05118   2354.672   -2.1591
    22      9487   2865186851624   2865186851624   0.08807   0.03957   2354.612   -1.4467
    23      4935   3368822925886   3368822925886   0.16013   0.11028   2257.835   -5.1710
    24      5157   1170405495998   1170405495998   0.06816   0.07128   2029.536   -0.8648
    25      2755   1056572778190   1056572778190   0.06883   0.01558   1968.672   -2.9654
    26      7559    327551783344    327551783344   0.09258   0.02168   1954.646   -1.7922
    27      4255   3383780425528   3383780425528   0.10343   0.07325   1787.961   -1.0997
    28      8288   1181041516904   1181041516904   0.08851   0.03595   1711.976   -0.5539
    29      3783   2910873875246   2910873875246   0.07610   0.06686   1692.472   -0.1761
    30      5877   1974038191632   1974038191632   0.05597   0.05482   1612.961   -1.5161
