# Shortlist: 30 extreme halos per group
# Catalog: filtered_haloproperties.hdf5  (run_id 5ee0c456)
# Thresholds: delta1<0.07, delta2<0.07, K_core<150 keV cm2, TPI>0
# N per group: 30
#

# ── R1  (30 halos) ──────────────────────────────
# Selection: smallest delta_1 (most DM-relaxed)
# rank   row_idx      unique_tag         fof_tag   delta_1   delta_2     K_core       TPI
     1      9208   2599833718698   2599833718698   0.00233   0.01721    121.170    0.5620
     2      1432   3608302269948   3608302269948   0.00238   0.07090    203.255   -1.7560
     3      7782   1797062113384   1797062113384   0.00296   0.01896    174.020    0.2922
     4      7105   3427664130838   3427664130838   0.00336   0.02760     33.350    3.1398
     5      7184   2433578635658   2433578635658   0.00371   0.03967    110.201    0.7322
     6      3692   1571042930150   1571042930150   0.00384   0.03708    209.132   -1.2152
     7      7898    412408425848    412408425848   0.00424   0.02385    196.224    1.9260
     8       279   1388901053880   1388901053880   0.00428   0.00358     59.472    4.4950
     9      8119    203074346212    203074346212   0.00433   0.05289     76.204    2.0773
    10        52    342984804718    342984804718   0.00443   0.01588    148.299    1.7148
    11      3637   1243080602076   1243080602076   0.00455   0.02418     98.142    0.6531
    12       167   1307893079794   1307893079794   0.00461   0.03679    261.143    1.0163
    13      7926    137476373468    137476373468   0.00462   0.02352    160.156    1.6849
    14      8189    858164652182    858164652182   0.00496   0.02239     43.277    2.5444
    15      3830   2013246450368   2013246450368   0.00504   0.04252    143.690    1.9024
    16      8906   3165542518618   3165542518618   0.00507   0.04578    119.868   -0.7630
    17      6312   2574827479256   2574827479256   0.00531   0.01715     76.301    2.5876
    18      7125   3800430266956   3800430266956   0.00534   0.04621    130.131    0.2693
    19      1342   2204260459444   2204260459444   0.00543   0.02201    126.502    0.5556
    20      7383   3893872368326   3893872368326   0.00546   0.05905   7502.251   -0.4533
    21      1700   2260559151562   2260559151562   0.00579   0.02825    152.232    0.5793
    22      7352   3746505642526   3746505642526   0.00587   0.02329    126.943    0.6148
    23      4032   3378627383570   3378627383570   0.00601   0.01982    102.475   -0.1022
    24      2844    578457433448    578457433448   0.00602   0.04445    133.613    1.1474
    25      5310    143952820368    143952820368   0.00614   0.00841     59.481    3.0537
    26      6649   2359256627314   2359256627314   0.00614   0.06246    116.856    1.0685
    27      1005    858073790998    858073790998   0.00625   0.02530    227.755    0.0814
    28      2912    628933340716    628933340716   0.00635   0.05154    135.987    1.9181
    29      1399   2630711139140   2630711139140   0.00640   0.12186     61.366    0.1760
    30      7192   2780295229058   2780295229058   0.00642   0.02748     51.902    3.6924

# ── R1_andR2  (30 halos) ──────────────────────────────
# Selection: smallest delta_2 (most gas-coherent within R1)
# rank   row_idx      unique_tag         fof_tag   delta_1   delta_2     K_core       TPI
     1      1672   2565342063078   2565342063078   0.03597   0.00305    176.941    1.7871
     2      3485    574678674126    574678674126   0.02174   0.00314     57.676    3.3898
     3       279   1388901053880   1388901053880   0.00428   0.00358     59.472    4.4950
     4       156   1392326107832   1392326107832   0.00947   0.00367     76.841    3.5523
     5      9424   2658824804754   2658824804754   0.06710   0.00392    112.189    3.0549
     6      2812    286646397208    286646397208   0.03747   0.00406     58.003    0.9946
     7      8016   1187524032230   1187524032230   0.02457   0.00435    123.351    4.4338
     8      4142   2327990293922   2327990293922   0.02417   0.00477    104.202    0.6622
     9      4454   2482863955748   2482863955748   0.02758   0.00479     71.579    1.6692
    10      3027   1226874198964   1226874198964   0.01389   0.00483    138.653    1.6840
    11      5985    587224153324    587224153324   0.01991   0.00494    156.053    0.5769
    12      8819   2478407342554   2478407342554   0.02726   0.00497    192.483    0.3147
    13      8087   1067803195820   1067803195820   0.02179   0.00498     61.858    2.0720
    14      9139   2441018958874   2441018958874   0.00941   0.00519     94.631    2.5680
    15      8569    938566590192    938566590192   0.06283   0.00522     37.353    2.7995
    16      1387   2278576621838   2278576621838   0.05179   0.00524    137.529    1.0470
    17      4765   2588735529328   2588735529328   0.05043   0.00524     98.703    1.1786
    18        49    140421231998    140421231998   0.05629   0.00535    110.192    0.5248
    19      5596   1247997232620   1247997232620   0.02871   0.00542    235.277   -1.5313
    20      5165   1359632498620   1359632498620   0.01471   0.00544     63.680    2.2965
    21       137    845914939504    845914939504   0.02139   0.00549     69.201    2.2233
    22      6599   2221808590882   2221808590882   0.03688   0.00569     70.523    1.6315
    23      8529    286653502682    286653502682   0.03820   0.00572     83.501    1.5433
    24       720    395008902788    395008902788   0.02009   0.00574     93.343    2.3912
    25      2178   3798217520762   3798217520762   0.01065   0.00583     73.140    2.0350
    26      7665   1786218046806   1786218046806   0.03864   0.00587     70.242    3.1454
    27      6602   2340252825244   2340252825244   0.01928   0.00588    106.738    0.9967
    28      6862   3839606711948   3839606711948   0.00834   0.00590     68.646    2.5690
    29      9763   2746216289014   2746216289014   0.02554   0.00591    104.995    1.6429
    30      2276   2128138398940   2128138398940   0.04707   0.00592     66.900    1.5487

# ── R1_andR3  (30 halos) ──────────────────────────────
# Selection: smallest K_core (most cool-core within R1)
# rank   row_idx      unique_tag         fof_tag   delta_1   delta_2     K_core       TPI
     1      4687   2460415866554   2460415866554   0.03305   0.03767     18.563    5.0742
     2      7153   3479448242070   3479448242070   0.03746   0.05161     18.889    3.4894
     3      5557   1745831900138   1745831900138   0.02228   0.01963     20.044    6.0239
     4      2476   3095654549152   3095654549152   0.04399   0.00603     25.105    3.5853
     5      9779   2312134472674   2312134472674   0.02968   0.03121     27.018    3.0196
     6      4346   3214247078500   3214247078500   0.05728   0.04186     27.634    4.2670
     7      9036   3846354363344   3846354363344   0.02248   0.01352     27.983    4.8539
     8      5925   1831518964418   1831518964418   0.03857   0.02209     28.084    3.7570
     9      7463   3305216954866   3305216954866   0.01775   0.00841     28.301    4.6313
    10       836   1466990212812   1466990212812   0.02225   0.01603     28.303    5.0978
    11      9964   3863859374356   3863859374356   0.05423   0.03920     28.389    3.9129
    12       511   1052082513424   1052082513424   0.02137   0.01332     28.938    3.2334
    13      3065   1489725447410   1489725447410   0.06162   0.01359     29.037    3.5743
    14      4224   3465969119150   3465969119150   0.01051   0.02061     29.059    3.2943
    15      9174   2212466020590   2212466020590   0.06031   0.03805     29.093    4.1841
    16      1944   2055332446874   2055332446874   0.03225   0.01306     30.376    3.7916
    17      8315   1589373420440   1589373420440   0.02808   0.01461     32.193    3.8095
    18      8138    741597337774    741597337774   0.03493   0.01805     32.621    4.7050
    19      6225   1579502078476   1579502078476   0.02262   0.04562     32.719    3.1321
    20      2923    796616786580    796616786580   0.02684   0.02330     32.834    3.8441
    21      7105   3427664130838   3427664130838   0.00336   0.02760     33.350    3.1398
    22      5085    843719677952    843719677952   0.03926   0.02809     33.661    3.5118
    23        58    704300940206    704300940206   0.05643   0.02784     33.704    2.3484
    24      2338   3085105143126   3085105143126   0.02727   0.03044     33.936    2.0946
    25      4884   3367583713508   3367583713508   0.02754   0.04021     34.746    1.0566
    26      9306   3593325849746   3593325849746   0.04042   0.01642     35.745    3.1008
    27      7140   3893765801836   3893765801836   0.05959   0.01010     36.041    2.6023
    28      9185   2433439554536   2433439554536   0.01895   0.02394     36.116    2.5582
    29      8504    861410788748    861410788748   0.02053   0.01806     36.555    3.7374
    30      7705   1702130131860   1702130131860   0.01698   0.04540     37.078    4.8301

# ── R1_andR4  (30 halos) ──────────────────────────────
# Selection: highest TPI (strongest TPI cool-core within R1)
# rank   row_idx      unique_tag         fof_tag   delta_1   delta_2     K_core       TPI
     1      3799   2440687158262   2440687158262   0.01029   0.05677     99.989   17.0942
     2      3244    370454222636    370454222636   0.02138   0.02004    168.150   10.5751
     3      8124    425347569102    425347569102   0.01696   0.04208    194.684   10.4533
     4      2144   3761991185136   3761991185136   0.06638   0.05122     65.247    9.7400
     5      6369   2489115425762   2489115425762   0.04986   0.04320     76.328    9.0981
     6      6263   2503649320454   2503649320454   0.04386   0.04726     78.343    9.0960
     7       657    160404307062    160404307062   0.02454   0.03982     93.214    8.8033
     8      5213   1558769449044   1558769449044   0.05707   0.01690    449.276    8.0974
     9      7948    513715019072    513715019072   0.04511   0.01249     87.467    7.6767
    10      8018   1284039704436   1284039704436   0.02888   0.02210    283.927    7.4410
    11      4120   2911002167414   2911002167414   0.03029   0.04114    134.541    7.4249
    12      4929   3499327979624   3499327979624   0.03321   0.06109     64.362    6.9539
    13      6276   2617654476112   2617654476112   0.05206   0.03331     86.077    6.8962
    14      3943   3299234148616   3299234148616   0.01900   0.05733    113.585    6.7086
    15      1189   1374640330498   1374640330498   0.05614   0.03157    100.086    6.7080
    16      7399   3028596376062   3028596376062   0.03164   0.04340     71.984    6.7070
    17      5928   3997982137096   3997982137096   0.02696   0.01331    374.409    6.5164
    18      5557   1745831900138   1745831900138   0.02228   0.01963     20.044    6.0239
    19      3078   1586253318014   1586253318014   0.05066   0.02764     89.091    6.0132
    20         1    123835673828    123835673828   0.03895   0.06038     77.523    6.0010
    21      6679   2159922685504   2159922685504   0.06290   0.10639     89.784    5.9973
    22      6916   2251901504944   2251901504944   0.03516   0.05022     65.106    5.8941
    23      4739   2653482214998   2653482214998   0.05670   0.01803    121.413    5.8855
    24      9884   3131680980394   3131680980394   0.06560   0.05162    185.358    5.8432
    25      8176    697811202984    697811202984   0.03236   0.02762    116.490    5.7895
    26      7562    266589658074    266589658074   0.01344   0.02458     86.428    5.5965
    27      7553    231961908460    231961908460   0.02158   0.02545    114.997    5.5090
    28      9630   3990143175912   3990143175912   0.06397   0.04474    169.499    5.5072
    29      7078   3576598219084   3576598219084   0.04551   0.05234    141.555    5.4438
    30      2141   3894722480674   3894722480674   0.04349   0.00679     50.413    5.4232

# ── R1_notR2  (30 halos) ──────────────────────────────
# Selection: largest delta_2 (most gas-displaced within R1)
# rank   row_idx      unique_tag         fof_tag   delta_1   delta_2     K_core       TPI
     1      2586    207211894048    207211894048   0.03546   0.16964    117.686   -2.0037
     2        98    586174456736    586174456736   0.04088   0.16804    318.995   -1.0154
     3      7812     77088301252     77088301252   0.05562   0.15260     49.556    1.5565
     4      5334    937735508464    937735508464   0.05469   0.14770     75.440   -1.1444
     5      8111   2002579607656   2002579607656   0.02913   0.14471    205.893   -2.0030
     6      1385   2102992397048   2102992397048   0.06225   0.14105    257.499   -3.4505
     7      6152   1633478964476   1633478964476   0.06713   0.13947    154.235   -1.1725
     8      5232   1416152294876   1416152294876   0.05881   0.13577     85.638   -2.9368
     9      2385   3884324456140   3884324456140   0.05724   0.13448    372.086   -1.9318
    10      3960   3175750294502   3175750294502   0.05083   0.13327     80.357    2.4875
    11      5917   1838827642456   1838827642456   0.05009   0.13285    134.546   -1.7379
    12      5169   1237405165962   1237405165962   0.04894   0.13282    102.266    1.9084
    13      2184   2095716225268   2095716225268   0.02358   0.13131    154.958    3.6884
    14      1838   3080393924082   3080393924082   0.03079   0.12848    159.349   -0.5721
    15      7582    904175941398    904175941398   0.06763   0.12841    310.857   -3.2406
    16       903   1265714034980   1265714034980   0.05093   0.12731    234.184    0.3035
    17      7642   1059723846316   1059723846316   0.02448   0.12603    174.141    0.1332
    18      8368   1394726202516   1394726202516   0.03986   0.12555    346.702   -3.3655
    19      8853   2366388452208   2366388452208   0.05166   0.12513    270.529   -1.6701
    20      5896   1498455047242   1498455047242   0.06773   0.12496     85.194   -0.0311
    21      9691   2530273530164   2530273530164   0.02359   0.12460    226.084   -1.1493
    22      3324   1498613365716   1498613365716   0.06067   0.12383    133.036    1.8378
    23      1399   2630711139140   2630711139140   0.00640   0.12186     61.366    0.1760
    24       668    383634474992    383634474992   0.06876   0.12124    166.899   -0.1970
    25       869   1498391102730   1498391102730   0.05792   0.11963    304.012   -1.9414
    26      9778   2107960695770   2107960695770   0.03961   0.11871    233.650   -1.7449
    27      8076   1174491930440   1174491930440   0.05185   0.11858     75.937    0.0325
    28      1712   2747003545272   2747003545272   0.05764   0.11857    155.193   -2.4028
    29      5704    921182568662    921182568662   0.03637   0.11831    190.594    1.1733
    30      4630   3746923726120   3746923726120   0.02762   0.11695    166.385   -0.4351

# ── R1_notR3  (30 halos) ──────────────────────────────
# Selection: largest K_core (most heated core within R1)
# rank   row_idx      unique_tag         fof_tag   delta_1   delta_2     K_core       TPI
     1      9170   2256273700578   2256273700578   0.04033   0.03207  14947.758    1.4660
     2      7383   3893872368326   3893872368326   0.00546   0.05905   7502.251   -0.4533
     3      8319   1827202856594   1827202856594   0.05608   0.04884   7466.273    1.4486
     4       211   1025325229616   1025325229616   0.06596   0.05033   4836.527   -1.3082
     5      5121    938610256280    938610256280   0.05816   0.02965   4583.049   -2.5769
     6      5762    845603058018    845603058018   0.04537   0.02330   4550.075    3.2366
     7      1752   3918598011648   3918598011648   0.05974   0.04176   4084.690    2.8937
     8      1019    192835878034    192835878034   0.03680   0.07456   3876.563    1.0381
     9      8384   1675413304858   1675413304858   0.06958   0.03642   3793.557   -2.9050
    10      6562   2066505729292   2066505729292   0.06226   0.06510   3234.120   -2.6805
    11      4858   3578704272664   3578704272664   0.00873   0.02692   3171.247    3.8857
    12      5495   1144792216586   1144792216586   0.04033   0.02741   3166.208   -0.9756
    13      8366   1097858762876   1097858762876   0.04298   0.02376   2917.959   -0.3815
    14      4029   3225575838888   3225575838888   0.06052   0.03766   2836.013    2.7309
    15      3945   3439902211520   3439902211520   0.06771   0.02917   2678.551    0.1678
    16      9027   3173827878158   3173827878158   0.06507   0.05118   2354.672   -2.1591
    17      4764   2721446792376   2721446792376   0.05418   0.02856   2112.735    4.9653
    18      5157   1170405495998   1170405495998   0.06816   0.07128   2029.536   -0.8648
    19      2755   1056572778190   1056572778190   0.06883   0.01558   1968.672   -2.9654
    20      8710   1250368710106   1250368710106   0.04705   0.05590   1693.247    5.1976
    21      9347   3940389347982   3940389347982   0.04879   0.03921   1683.868    2.0243
    22      5877   1974038191632   1974038191632   0.05597   0.05482   1612.961   -1.5161
    23      5446    827919555856    827919555856   0.04738   0.03820   1589.307    3.3168
    24      7522    299627181526    299627181526   0.01747   0.03919   1410.198    2.5596
    25      2901    799758618736    799758618736   0.03172   0.04198   1395.679    3.9129
    26      8024   1577095418848   1577095418848   0.05988   0.04459   1379.228    0.9858
    27      5618    288009333494    288009333494   0.06081   0.07782   1256.639   -1.1964
    28      2818    132649021822    132649021822   0.01017   0.00784   1174.187    2.9145
    29      8054   1357656291392   1357656291392   0.04343   0.06842   1134.743   -0.9152
    30      5634    457245403126    457245403126   0.02577   0.02288   1119.103    4.4633

# ── R1_notR4  (30 halos) ──────────────────────────────
# Selection: most negative TPI (most non-cool-core by TPI, within R1)
# rank   row_idx      unique_tag         fof_tag   delta_1   delta_2     K_core       TPI
     1      6101   1719484725046   1719484725046   0.03121   0.02216     69.862   -9.3425
     2      2739   1826923823218   1826923823218   0.04755   0.02874    236.040   -6.6401
     3      6872   2432871220870   2432871220870   0.05043   0.01476    207.313   -5.1363
     4       635    465816892748    465816892748   0.02993   0.03684    162.443   -4.9179
     5      8682   1788202304218   1788202304218   0.04970   0.06276    177.022   -4.9077
     6      4465   2831494438434   2831494438434   0.05528   0.10611    280.914   -4.6075
     7      5257   1588559001922   1588559001922   0.03694   0.04214    288.091   -4.5678
     8      8373   1047996028162   1047996028162   0.03437   0.05886    202.022   -4.4581
     9      5025    800824589012    800824589012   0.01073   0.05053    145.986   -4.4224
    10      6792   3267050363294   3267050363294   0.06102   0.07015    307.986   -4.3805
    11      7736   1649676436604   1649676436604   0.01893   0.03486    319.441   -4.2972
    12      1888   2332535797684   2332535797684   0.05581   0.05341    480.433   -4.2743
    13      6406   3150472187400   3150472187400   0.04241   0.02817    127.014   -4.2404
    14      1050    423392518786    423392518786   0.03362   0.07231    305.427   -4.0740
    15      7574    881925904028    881925904028   0.03721   0.01543    194.577   -3.9969
    16      4533   3050286758368   3050286758368   0.04888   0.09618    159.882   -3.8956
    17      9397   2166967348248   2166967348248   0.01738   0.01426    925.804   -3.8903
    18      7235   2827652404940   2827652404940   0.05215   0.07616    313.582   -3.8569
    19      1138   1177183155062   1177183155062   0.04055   0.08562    140.168   -3.8343
    20      2675   1323933030596   1323933030596   0.01770   0.03727    266.611   -3.8306
    21      8841   2909594840954   2909594840954   0.05441   0.11303     88.472   -3.7134
    22       474   1241600701056   1241600701056   0.04642   0.02658    136.021   -3.6667
    23      2405   3926255036520   3926255036520   0.03210   0.08232    384.675   -3.6476
    24      9148   2515321788026   2515321788026   0.04987   0.10144    329.362   -3.6341
    25      3464    505470931732    505470931732   0.06522   0.03788    290.779   -3.5789
    26      1292   2733233910662   2733233910662   0.05344   0.09946    400.201   -3.5154
    27      1401   2657074798484   2657074798484   0.05880   0.04520    270.340   -3.4893
    28      9037   3980976921860   3980976921860   0.03533   0.04833    301.388   -3.4723
    29      3429   1784367432210   1784367432210   0.05207   0.03945    136.096   -3.4561
    30      1385   2102992397048   2102992397048   0.06225   0.14105    257.499   -3.4505
