377243194442
318522708320
325498851970
117860805372
287418023518
491911638354
79077049100
27641405154
544864905366
940812218466
529013650946
672855680632
312197235006
845914939504
966586224192
1300906934300
1145968263836
1217724785472
1283772271340
1644456618040
1779417512512
1803550217956
1411101619884
1192663939166
1025325229616
1011994706902
1630544455108
1672138594180
1766436010838
1109741148316
1437097592504
1642227454542
1664458040660
1152639663800
1277125875356
1712742952120
1999809635460
1946777319084
472878201750
343039007518
317308774538
91210923984
497001786566
217612182744
523678580066
565585500928
852308631594
82378648940
802507382134
810780820612
279521429464
549075749934
843439242484
972990401656
126494353630
232253764578
756141326260
944443336932
836507126214
951446241646
1005675426662
1154610148574
1016472871926
1048548792828
1609293067830
1730578376718
1571193643068
1452462681874
1467378965660
1301012396608
1125756551084
1849684235930
1301277451998
1345103957264
1256858218830
1700742863444
1773454842554
1532445571496
1725167814322
1835985720726
1790612037444
1495639130298
1450571727568
1004761679202
1041287315942
373439966012
293395520110
85768031582
712518615946
727465668524
674421837516
712543439988
474736128666
376019866108
278191654028
38177353458
439198258862
762410911580
747192783604
525252855632
803710209468
523982121270
485836934352
413428717418
765580219354
752532214788
795720881952
162634686436
663666581698
920562689822
1290118845064
1219597377514
1481869755058
1027205786182
1955009128070
1682564042156
1251407160176
1437464054032
1591143178830
1593384289974
1819461378076
1460304957320
1434904694952
1166297313894
1300933102254
1103456578962
1545425113358
1647666604554
1753706188194
1855340786870
293808571174
323659659982
226473466738
333870043636
111577923120
858073790998
946670742870
256349605278
508149847774
684372010634
291939515318
805352471184
917134329492
619306642010
862840351136
625023768432
1014253942032
1209843766760
1079365298006
1351147977936
1270176927386
1630869792940
1659764365802
1894089891492
1552780713054
1657539080776
1792804591036
1908398427150
1167642459984
1238789696218
1582642839630
1859216520286
1809385686890
1969729003170
1422290000696
1100935495750
1158724941862
1332712243060
1539431444904
1542919907548
1574369130110
1035245545440
1294648953320
2293454620938
2207458841010
2588158641868
2782797319248
2603397335570
2981557405822
2305198051612
2765918009380
2839291011058
2015354580768
2074105584280
2191904722996
2342419435416
2802479732136
2657074798484
2741219969004
2897120047126
3813121368524
3902969904730
3963634619310
3990627901814
3014260779956
3148892184540
13729817174
3392414101224
3537201909208
3187018803844
3141910351646
3008871135130
3251131965050
3343235746828
3562309199858
3834736596708
3703943883952
3924279582018
3684578214662
2328776428480
2164644594808
2327525374984
2186527898522
2299574039846
2736471981832
2954305369502
2834591535546
2686654230716
2571085769736
2715256104306
2485321024408
2028106866552
2014769439364
2269419572598
2969215657754
2218342874500
2227239280410
2056400442648
2450434573180
1995765086488
2521571248780
3220381962600
3060976365060
3130834747656
3456301289518
3712879069420
3737629200058
3040080473792
3693218911844
3633530494434
3789106223556
3161024625114
3315024321772
3633784967044
3694433505526
3713804795332
3602685193796
3883044418752
3037524062790
3302983205732
3230909770736
3296646239134
3623683244084
2455701702428
2486518555688
2093127455274
2187783644532
2486885594058
2678018522114
2571672077814
2608172009970
2987603195400
1994691522490
2631314483862
2203323001386
2226495510930
2483083146172
2803780135318
3455267338272
3296829975182
3642939676982
3939158117694
3919807870372
3197808994388
3666468816290
3999539812794
3697592354648
3486382285444
3041873462944
3651810684608
3903915113210
3573081953024
3894722480674
3031404097612
3373695245732
3587712594400
3543575273870
3984607731080
3525821041490
2385960249816
2410073803512
2633599161882
2722497127072
2386617768564
2320902997714
2265945830384
2264686208554
2287221611126
2240890830772
2744129840154
2961631897110
2899745939568
2106529246856
2128138398940
2849515614038
2679026298446
2680344157580
2822903154142
3235927824092
3802071275192
3969091482360
3968133027720
3966232090930
3971313721826
3521724250530
3202634818606
3690372124572
3595111211184
3836743628500
3185448295858
3068598390804
3395967809962
3385828414022
3832260503422
3470634882196
3391241578010
3147398515326
3839924047078
3619230008832
3919911998638
228155661156
466598942984
380890266638
614907973142
766371413940
751766074456
765441306120
997885199966
668935413052
458056422524
57348351208
325326032658
400903757150
667930464548
689182307074
708239478986
740336843992
599667950004
801292268666
820031089396
209459480358
215805697636
639083242894
977870886092
1187375768294
1574120117170
1958652537686
1614140919306
1178217684164
1016932066140
1276975982412
1338267952412
1507172437764
1826923823218
1149592052052
1573475328830
1921179939408
1621754825996
1428420171774
1499877519200
1443980996858
1142675155380
1892019808682
1725934473794
2001533996324
460979393116
464774564946
224758046234
683545313106
622922428916
634349343958
987430877996
555281220310
752775913932
978225294920
948692760540
3985477877958
181275873598
469890642620
995099390364
516855279998
989631825090
721349147598
966166039164
77453867090
331472588394
396862583904
311145514552
370220789994
793449597826
964290225164
884609514006
823624584330
885536523220
843315108038
1289371357082
1406872530490
1167777149848
1877117685352
1814269315780
1008738336198
1097327172388
1144971172844
1481544213786
1591069737976
1605626521172
1527527285892
1804395604256
1683763203132
1570071516130
1754223211338
1231634153362
1118611197342
1891125286836
1752074584478
226916029548
276471148432
454607606088
939442021758
654956425158
952159328852
153549684976
961331223414
727292045674
548844924432
60866956938
669234923602
573971692632
631145805550
679096693522
1194364642078
1112146617440
1428719852970
1247066965264
1032109704960
1379471293588
1554743895260
1630314638538
1323306589726
1885641138662
1283905863516
1819270666026
1625543727972
1906235967858
1921479649616
1330945393494
1156942620938
1043596623894
1206489727132
1691312802632
1938669198682
1920598706744
1664012005784
178078302138
419048717252
978525985910
118412338118
211456406814
124439952388
66027763332
226074248458
315604051982
699149058960
549911459016
957300556232
663589794834
898260005862
238085527452
94572157678
323829610724
141878707626
992520030098
792525975590
1103013810798
1650716456170
1654849961960
1881233708470
1855511489656
1657401639096
1879038537652
1363403570128
1293855175094
1471360497906
1762852852598
1825091712026
1897746843118
1563094925472
1868559950630
1662158898894
1386289860972
1948581668490
2493039957952
2722257720300
2976612812712
2699091765652
