377243194442
318522708320
325498851970
117860805372
287418023518
491911638354
529013650946
312197235006
845914939504
1217724785472
1644456618040
1779417512512
1192663939166
1025325229616
1011994706902
1672138594180
1766436010838
1109741148316
1437097592504
1642227454542
1664458040660
1999809635460
472878201750
317308774538
91210923984
217612182744
523678580066
565585500928
852308631594
82378648940
802507382134
549075749934
843439242484
972990401656
126494353630
232253764578
756141326260
944443336932
951446241646
1005675426662
1154610148574
1016472871926
1048548792828
1609293067830
1730578376718
1452462681874
1467378965660
1849684235930
1345103957264
1725167814322
1835985720726
1790612037444
1495639130298
1004761679202
1041287315942
373439966012
293395520110
85768031582
712518615946
674421837516
712543439988
474736128666
762410911580
803710209468
485836934352
413428717418
765580219354
162634686436
1219597377514
1481869755058
1955009128070
1682564042156
1251407160176
1437464054032
1591143178830
1460304957320
1434904694952
1166297313894
1300933102254
1103456578962
1545425113358
1647666604554
1753706188194
1855340786870
293808571174
323659659982
226473466738
333870043636
111577923120
858073790998
946670742870
256349605278
508149847774
619306642010
862840351136
625023768432
1014253942032
1209843766760
1270176927386
1630869792940
1659764365802
1894089891492
1552780713054
1657539080776
1908398427150
1167642459984
1238789696218
1859216520286
1422290000696
1100935495750
1539431444904
1542919907548
1574369130110
1035245545440
2293454620938
2207458841010
2588158641868
2603397335570
2981557405822
2765918009380
2839291011058
2015354580768
2074105584280
2191904722996
2342419435416
2741219969004
2897120047126
3813121368524
3902969904730
3963634619310
3990627901814
3148892184540
3537201909208
3141910351646
3251131965050
3343235746828
3562309199858
3924279582018
3684578214662
2328776428480
2164644594808
2327525374984
2186527898522
2299574039846
2834591535546
2686654230716
2571085769736
2715256104306
2485321024408
2028106866552
2014769439364
2269419572598
2969215657754
2218342874500
2227239280410
2056400442648
2450434573180
1995765086488
2521571248780
3220381962600
3130834747656
3456301289518
3712879069420
3737629200058
3040080473792
3693218911844
3789106223556
3161024625114
3315024321772
3633784967044
3713804795332
3037524062790
3296646239134
2455701702428
2486518555688
2093127455274
2678018522114
2608172009970
2631314483862
2203323001386
2226495510930
2803780135318
3455267338272
3296829975182
3642939676982
3939158117694
3919807870372
3666468816290
3999539812794
3486382285444
3651810684608
3903915113210
3894722480674
3031404097612
3373695245732
2385960249816
2633599161882
2722497127072
2386617768564
2320902997714
2264686208554
2287221611126
2240890830772
2961631897110
2899745939568
2106529246856
2128138398940
2849515614038
2679026298446
2680344157580
2822903154142
3235927824092
3969091482360
3966232090930
3971313721826
3521724250530
3202634818606
3185448295858
3068598390804
3395967809962
3385828414022
3391241578010
3839924047078
3619230008832
3919911998638
228155661156
466598942984
380890266638
614907973142
766371413940
765441306120
668935413052
458056422524
57348351208
400903757150
667930464548
689182307074
708239478986
820031089396
209459480358
639083242894
977870886092
1187375768294
1178217684164
1276975982412
1338267952412
1507172437764
1826923823218
1149592052052
1921179939408
1621754825996
1428420171774
1499877519200
1443980996858
1142675155380
1892019808682
1725934473794
2001533996324
464774564946
224758046234
683545313106
634349343958
987430877996
978225294920
948692760540
181275873598
469890642620
989631825090
721349147598
966166039164
331472588394
311145514552
793449597826
884609514006
823624584330
885536523220
1289371357082
1406872530490
1167777149848
1814269315780
1008738336198
1097327172388
1144971172844
1481544213786
1591069737976
1605626521172
1118611197342
1891125286836
226916029548
276471148432
939442021758
654956425158
961331223414
727292045674
631145805550
1112146617440
1428719852970
1247066965264
1032109704960
1554743895260
1630314638538
1283905863516
1625543727972
1906235967858
1330945393494
1043596623894
1691312802632
1938669198682
1664012005784
178078302138
419048717252
978525985910
118412338118
211456406814
124439952388
66027763332
226074248458
315604051982
699149058960
549911459016
663589794834
94572157678
323829610724
992520030098
792525975590
1103013810798
1855511489656
1879038537652
1363403570128
1293855175094
1762852852598
1897746843118
1563094925472
1868559950630
1662158898894
1386289860972
1948581668490
2722257720300
2699091765652
